57.8,34.8
57.7,35.0
57.5,35.0
57.5,35.2
57.5,35.3
57.3,35.3
57.3,35.5
57.2,35.5
57.2,35.7
57.2,35.8
57.2,36.0
57.0,36.0
57.0,36.2
57.0,36.3
57.0,36.5
56.8,36.5
56.8,36.7
56.8,36.8
56.8,37.0
56.8,37.2
56.8,37.3
56.8,37.5
56.7,37.5
56.7,37.7
56.7,37.8
56.7,38.0
56.7,38.2
56.7,38.3
56.5,38.3
56.5,38.5
56.5,38.7
56.5,38.8
56.5,39.0
56.5,39.2
56.5,39.3
56.5,39.5
56.3,39.5
56.3,39.7
56.3,39.8
56.3,40.0
56.3,40.2
56.3,40.3
56.3,40.5
56.3,40.7
56.3,40.8
56.3,41.0
56.3,41.2
56.3,41.3
56.3,41.5
56.3,41.7
56.3,41.8
56.3,42.0
56.3,42.2
56.3,42.3
56.3,42.5
56.3,42.7
56.3,42.8
56.3,43.0
56.3,43.2
56.3,43.3
56.3,43.5
56.3,43.7
56.5,43.7
56.5,43.8
56.5,44.0
56.5,44.2
56.5,44.3
56.7,44.5
56.7,44.7
56.7,44.8
56.7,45.0
56.8,45.0
56.8,45.2
56.8,45.3
56.8,45.5
57.0,45.5
57.0,45.7
57.2,45.8
57.2,46.0
57.3,46.2
57.3,46.3
57.5,46.5
57.5,46.7
57.7,46.7
57.7,46.8
57.8,47.0
57.8,47.2
58.0,47.3
58.0,47.5
58.2,47.5
58.2,47.7
58.3,47.8
58.5,48.0
58.7,48.0
58.7,48.2
58.8,48.2
58.8,48.3
59.0,48.3
59.0,48.5
59.2,48.5
59.2,48.7
59.3,48.7
59.3,48.8
59.5,48.8
59.5,49.0
59.7,49.0
59.7,49.2
59.8,49.2
60.0,49.2
60.0,49.3
60.2,49.3
60.3,49.3
60.3,49.5
60.5,49.5
60.7,49.5
60.8,49.5
60.8,49.7
61.0,49.7
61.2,49.7
61.3,49.8
61.5,49.8
61.5,50.0
61.7,50.0
61.8,50.0
62.0,50.0
62.2,50.0
62.3,50.2
62.5,50.2
62.7,50.2
62.8,50.2
63.0,50.2
63.2,50.2
63.2,50.3
63.3,50.3
63.5,50.3
63.7,50.3
63.8,50.3
64.0,50.3
64.2,50.3
64.3,50.3
64.5,50.3
64.7,50.3
64.8,50.3
65.0,50.3
65.2,50.3
65.3,50.3
65.5,50.3
65.7,50.3
65.8,50.3
66.0,50.3
66.2,50.3
66.3,50.3
66.5,50.3
66.7,50.3
66.8,50.3
67.0,50.3
67.2,50.2
67.3,50.2
67.5,50.2
67.7,50.0
67.8,50.0
67.8,49.8
68.0,49.8
68.0,49.7
68.2,49.7
68.2,49.5
68.3,49.5
68.3,49.3
68.5,49.2
68.5,49.0
68.7,49.0
68.7,48.8
68.8,48.7
68.8,48.5
69.0,48.5
69.0,48.3
69.0,48.2
69.2,48.2
69.2,48.0
69.3,47.8
69.3,47.7
69.3,47.5
69.5,47.3
69.5,47.2
69.7,47.2
69.7,47.0
69.7,46.8
69.8,46.8
69.8,46.7
69.8,46.5
70.0,46.3
70.0,46.2
70.0,46.0
70.2,46.0
70.2,45.8
70.2,45.7
70.2,45.5
70.2,45.3
70.2,45.2
70.2,45.0
70.3,45.0
70.3,44.8
70.3,44.7
70.3,44.5
70.3,44.3
70.3,44.2
70.3,44.0
70.3,43.8
70.5,43.8
70.5,43.7
70.5,43.5
70.5,43.3
70.5,43.2
70.5,43.0
70.5,42.8
70.5,42.7
70.5,42.5
70.5,42.3
70.5,42.2
70.5,42.0
70.5,41.8
70.5,41.7
70.5,41.5
70.5,41.3
70.5,41.2
70.5,41.0
70.5,40.8
70.5,40.7
70.5,40.5
70.5,40.3
70.5,40.2
70.5,40.0
70.5,39.8
70.5,39.7
70.5,39.5
70.5,39.3
70.5,39.2
70.5,39.0
70.5,38.8
70.5,38.7
70.5,38.5
70.5,38.3
70.5,38.2
70.5,38.0
70.3,37.8
70.3,37.7
70.3,37.5
70.3,37.3
70.3,37.2
70.2,37.2
70.2,37.0
70.2,36.8
70.2,36.7
70.2,36.5
70.0,36.3
70.0,36.2
70.0,36.0
70.0,35.8
70.0,35.7
70.0,35.5
69.8,35.5
69.8,35.3
69.8,35.2
69.7,35.0
69.7,34.8
69.7,34.7
69.5,34.7
69.5,34.5
69.5,34.3
69.5,34.2
69.3,34.2
69.3,34.0
69.3,33.8
69.3,33.7
69.2,33.5
69.2,33.3
69.2,33.2
69.2,33.0
69.0,33.0
69.0,32.8
69.0,32.7
69.0,32.5
68.8,32.3
68.8,32.2
68.8,32.0
68.7,31.8
68.7,31.7
68.5,31.7
68.5,31.5
68.3,31.3
68.3,31.2
68.2,31.2
68.2,31.0
68.0,31.0
68.0,30.8
67.8,30.8
67.8,30.7
67.8,30.5
67.7,30.5
67.7,30.3
67.5,30.3
67.5,30.2
67.3,30.2
67.3,30.0
67.2,30.0
67.2,29.8
67.0,29.8
67.0,29.7
66.8,29.7
66.8,29.5
66.7,29.5
66.7,29.3
66.5,29.3
66.5,29.2
66.3,29.2
66.2,29.0
66.2,28.8
66.0,28.8
65.8,28.8
65.8,28.7
65.7,28.7
65.7,28.5
65.5,28.5
65.5,28.3
65.3,28.3
65.2,28.3
65.2,28.2
65.0,28.2
65.0,28.0
65.0,27.8
65.0,27.7
65.0,27.5
65.0,27.3
65.0,27.2
65.0,27.0
65.0,26.8
65.0,26.7
65.0,26.5
65.0,26.3
65.0,26.2
65.0,26.0
65.0,25.8
65.0,25.7
65.0,25.5
65.0,25.3
65.0,25.2
65.0,25.0
65.0,24.8
65.0,24.7
65.0,24.5
65.0,24.3
65.0,24.2
64.8,24.0
64.8,23.8
64.8,23.7
64.8,23.5
64.7,23.5
64.7,23.3
64.7,23.2
64.7,23.0
64.5,23.0
64.5,22.8
64.5,22.7
64.3,22.5
64.3,22.3
64.3,22.2
64.2,22.0
64.2,21.8
64.0,21.5
64.0,21.3
64.0,21.2
63.8,21.0
63.8,20.8
63.8,20.7
63.7,20.5
63.7,20.3
63.7,20.2
63.5,20.2
63.5,20.0
63.5,19.8
63.3,19.7
63.3,19.5
63.2,19.5
63.2,19.3
63.0,19.3
63.0,19.2
62.8,19.0
62.7,19.0
62.7,18.8
62.5,18.7
62.5,18.5
62.3,18.5
62.3,18.3
62.2,18.3
62.2,18.2
62.0,18.2
62.0,18.0
61.8,18.0
61.8,17.8
61.7,17.8
61.7,17.7
61.5,17.7
61.3,17.5
61.2,17.5
61.2,17.3
61.0,17.3
60.8,17.2
60.7,17.2
60.7,17.0
60.5,17.0
60.5,16.8
60.3,16.8
60.2,16.7
60.0,16.7
60.0,16.5
59.8,16.5
59.8,16.3
59.7,16.3
59.7,16.2
59.5,16.2
59.3,16.2
59.3,16.0
59.2,16.0
59.0,16.0
59.0,15.8
58.8,15.8
58.7,15.7
58.5,15.7
58.3,15.7
58.2,15.5
58.0,15.5
58.0,15.3
57.8,15.3
57.7,15.3
57.5,15.2
57.3,15.2
57.2,15.2
57.0,15.2
56.8,15.2
56.8,15.0
56.7,15.0
56.5,15.0
56.3,15.0
56.3,14.8
56.2,14.8
56.0,14.8
55.8,14.8
55.7,14.7
55.5,14.7
55.3,14.7
55.2,14.7
55.0,14.7
54.8,14.5
54.7,14.5
54.5,14.5
54.3,14.5
54.2,14.5
54.0,14.5
53.8,14.3
53.7,14.3
53.5,14.3
53.3,14.3
53.2,14.3
53.2,14.2
53.0,14.2
52.8,14.2
52.7,14.2
52.5,14.2
52.3,14.2
52.2,14.2
52.0,14.2
51.8,14.2
51.7,14.2
51.5,14.2
51.3,14.2
51.2,14.2
51.0,14.2
50.8,14.2
50.7,14.2
50.7,14.0
50.5,14.0
50.3,14.0
50.2,14.0
50.0,14.0
49.8,14.0
49.7,14.0
49.5,14.0
49.3,14.0
49.2,14.0
49.0,14.0
48.8,14.0
48.7,14.0
48.7,14.2
48.5,14.2
48.3,14.2
48.2,14.2
48.0,14.2
47.8,14.3
47.7,14.3
47.5,14.3
47.3,14.3
47.2,14.3
47.0,14.3
47.0,14.5
46.8,14.5
46.7,14.5
46.7,14.7
46.5,14.7
46.3,14.7
46.3,14.8
46.2,14.8
46.0,14.8
46.0,15.0
45.8,15.0
45.7,15.0
45.7,15.2
45.5,15.2
45.3,15.2
45.3,15.3
45.2,15.3
45.2,15.5
45.0,15.5
44.8,15.7
44.7,15.7
44.7,15.8
44.5,15.8
44.5,16.0
44.3,16.0
44.3,16.2
44.2,16.3
44.0,16.3
44.0,16.5
43.8,16.5
43.7,16.7
43.7,16.8
43.5,16.8
43.3,16.8
43.3,17.0
43.2,17.0
43.2,17.2
43.0,17.2
43.0,17.3
43.0,17.5
42.8,17.5
42.8,17.7
42.7,17.7
42.7,17.8
42.5,17.8
42.3,17.8
42.3,18.0
42.2,18.0
42.0,18.2
41.8,18.2
41.8,18.3
41.7,18.3
41.5,18.5
41.3,18.5
41.3,18.7
41.2,18.7
41.2,18.8
41.0,18.8
40.8,19.0
40.7,19.0
40.5,19.2
40.3,19.2
40.2,19.2
40.2,19.3
40.0,19.3
39.8,19.3
39.7,19.3
39.5,19.3
39.3,19.3
39.2,19.3
39.0,19.3
38.8,19.3
38.5,19.3
38.2,19.3
38.0,19.3
37.7,19.3
37.3,19.3
37.0,19.3
36.7,19.3
36.5,19.3
36.2,19.3
35.8,19.3
35.7,19.3
35.3,19.3
35.2,19.3
35.0,19.3
34.7,19.3
34.5,19.3
34.2,19.3
34.0,19.3
33.8,19.3
33.7,19.3
33.5,19.3
33.2,19.3
33.0,19.3
32.8,19.3
32.7,19.3
32.5,19.3
32.2,19.3
32.0,19.3
31.8,19.3
31.7,19.3
31.5,19.3
31.3,19.3
31.2,19.3
31.0,19.2
30.8,19.2
30.7,19.2
30.5,19.2
30.3,19.2
30.2,19.2
30.0,19.0
29.8,19.0
29.7,19.0
29.5,19.0
29.3,19.0
29.2,19.0
29.0,19.0
28.8,19.0
28.7,19.0
28.7,18.8
28.5,18.8
28.3,18.8
28.2,18.8
28.0,18.8
27.8,18.8
27.7,18.8
27.5,18.8
27.3,18.8
27.2,18.8
27.0,18.8
27.0,18.7
26.8,18.7
26.7,18.7
26.5,18.7
26.3,18.7
26.2,18.7
26.0,18.7
25.8,18.7
25.7,18.7
25.5,18.7
25.3,18.7
25.3,18.5
25.2,18.5
25.0,18.5
24.8,18.5
24.7,18.5
24.5,18.5
24.3,18.5
24.2,18.5
24.0,18.5
23.8,18.5
23.7,18.5
23.5,18.5
23.3,18.5
23.2,18.5
23.0,18.5
22.8,18.5
22.7,18.5
22.5,18.5
22.3,18.5
22.2,18.5
22.0,18.5
22.0,18.7
21.8,18.7
21.7,18.7
21.5,18.7
21.3,18.7
21.2,18.8
21.0,18.8
21.0,19.0
20.8,19.0
20.7,19.0
20.7,19.2
20.5,19.2
20.5,19.3
20.3,19.3
20.2,19.3
20.2,19.5
20.0,19.5
20.0,19.7
19.8,19.7
19.7,19.8
19.5,19.8
19.5,20.0
19.3,20.2
19.2,20.3
19.2,20.5
19.0,20.5
19.0,20.7
18.8,20.7
18.8,20.8
18.7,20.8
18.7,21.0
18.5,21.0
18.5,21.2
18.5,21.3
18.3,21.5
18.3,21.7
18.2,21.7
18.2,21.8
18.2,22.0
18.2,22.2
18.0,22.2
18.0,22.3
17.8,22.5
17.8,22.7
17.7,22.7
17.7,22.8
17.7,23.0
17.5,23.2
17.5,23.3
17.3,23.3
17.3,23.5
17.3,23.7
17.2,23.8
17.2,24.0
17.0,24.0
17.0,24.2
17.0,24.3
16.8,24.3
16.8,24.5
16.8,24.7
16.8,24.8
16.7,25.0
16.7,25.2
16.7,25.3
16.5,25.3
16.5,25.5
16.5,25.7
16.5,25.8
16.3,25.8
16.3,26.0
16.3,26.2
16.3,26.3
16.3,26.5
16.3,26.7
16.2,26.7
16.2,26.8
16.2,27.0
16.2,27.2
16.2,27.3
16.0,27.5
16.0,27.7
16.0,27.8
16.0,28.0
15.8,28.2
15.8,28.3
15.8,28.5
15.8,28.7
15.8,28.8
15.8,29.0
15.8,29.2
15.8,29.3
15.7,29.3
15.7,29.5
15.7,29.7
15.7,29.8
15.7,30.0
15.7,30.2
15.7,30.3
15.7,30.5
15.7,30.7
15.7,30.8
15.7,31.0
15.7,31.2
15.7,31.3
15.7,31.5
15.7,31.7
15.7,31.8
15.7,32.0
15.7,32.2
15.7,32.3
15.7,32.5
15.7,32.7
15.7,32.8
15.8,32.8
15.8,33.0
15.8,33.2
15.8,33.3
15.8,33.5
16.0,33.5
16.0,33.7
16.0,33.8
16.0,34.0
16.0,34.2
16.2,34.2
16.2,34.3
16.2,34.5
16.3,34.5
16.3,34.7
16.3,34.8
16.5,34.8
16.5,35.0
16.5,35.2
16.7,35.2
16.7,35.3
16.8,35.5
16.8,35.7
17.0,35.7
17.0,35.8
17.2,35.8
17.2,36.0
17.3,36.2
17.5,36.3
17.7,36.5
17.8,36.5
17.8,36.7
18.0,36.7
18.0,36.8
18.2,36.8
18.2,37.0
18.3,37.0
18.3,37.2
18.5,37.2
18.7,37.2
18.7,37.3
18.8,37.3
19.0,37.5
19.2,37.5
19.3,37.5
19.3,37.7
19.5,37.7
19.5,37.8
19.7,37.8
19.8,37.8
19.8,38.0
20.0,38.0
20.2,38.0
20.2,38.2
20.3,38.2
20.5,38.2
20.5,38.3
20.7,38.3
20.8,38.3
21.0,38.3
21.0,38.5
21.2,38.5
21.3,38.5
21.3,38.7
21.5,38.7
21.7,38.7
21.8,38.7
22.0,38.7
22.0,38.8
22.2,38.8
22.3,38.8
22.5,38.8
22.7,39.0
22.8,39.0
23.0,39.0
23.2,39.0
23.2,39.2
23.3,39.2
23.5,39.2
23.5,39.3
23.7,39.3
23.8,39.3
24.0,39.3
24.0,39.5
24.2,39.5
24.3,39.5
24.3,39.7
24.5,39.7
24.7,39.7
24.8,39.7
24.8,39.8
25.0,39.8
25.2,39.8
25.3,39.8
25.3,40.0
25.5,40.0
25.7,40.0
25.7,40.2
25.8,40.2
26.0,40.2
26.2,40.2
26.3,40.2
26.5,40.2
26.5,40.3
26.7,40.3
26.8,40.3
27.0,40.5
27.2,40.5
27.3,40.5
27.5,40.7
27.7,40.7
27.8,40.7
27.8,40.8
28.0,40.8
28.2,40.8
28.3,40.8
28.5,40.8
28.5,41.0
28.7,41.0
28.8,41.0
29.0,41.0
29.2,41.0
29.3,41.2
29.5,41.2
29.7,41.2
29.8,41.2
29.8,41.3
30.0,41.3
30.2,41.3
30.3,41.3
30.3,41.5
30.5,41.5
30.7,41.5
30.8,41.5
31.0,41.5
31.2,41.5
31.3,41.5
31.3,41.7
31.3,41.8
31.3,42.0
31.3,42.2
31.3,42.3
31.3,42.5
31.3,42.7
31.3,42.8
31.3,43.0
31.3,43.2
31.3,43.3
31.3,43.5
31.3,43.7
31.3,43.8
31.5,43.8
31.5,44.0
31.5,44.2
31.5,44.3
31.7,44.3
31.7,44.5
31.7,44.7
31.8,44.7
31.8,44.8
31.8,45.0
32.0,45.0
32.0,45.2
32.2,45.2
32.2,45.3
32.3,45.3
32.3,45.5
32.5,45.5
32.5,45.7
32.7,45.7
32.8,45.7
32.8,45.8
33.0,45.8
33.2,45.8
33.3,45.8
33.5,45.8
33.7,45.8
33.8,45.8
34.0,45.7
34.0,45.5
34.0,45.3
34.2,45.3
34.2,45.2
34.2,45.0
34.2,44.8
34.3,44.8
34.3,44.7
34.3,44.5
34.3,44.3
34.5,44.3
34.5,44.2
34.7,44.0
34.7,43.8
34.7,43.7
34.7,43.5
34.8,43.5
34.8,43.3
34.8,43.2
34.8,43.0
34.8,42.8
34.8,42.7
34.8,42.5
35.0,42.5
35.0,42.3
35.0,42.2
35.0,42.0
35.2,42.0
35.3,42.0
35.5,42.0
35.7,42.0
35.8,42.0
36.0,42.0
36.0,42.2
36.2,42.2
36.3,42.2
36.5,42.2
36.7,42.2
36.7,42.3
36.8,42.3
37.0,42.3
37.2,42.3
37.2,42.5
37.3,42.5
37.5,42.5
37.7,42.5
37.8,42.7
38.0,42.7
38.2,42.7
38.3,42.8
38.5,42.8
38.7,42.8
38.8,43.0
39.0,43.0
39.0,43.2
39.2,43.2
39.3,43.2
39.5,43.3
39.7,43.3
39.8,43.3
39.8,43.5
40.0,43.5
40.2,43.5
40.2,43.7
40.3,43.7
40.5,43.7
40.5,43.8
40.7,43.8
40.8,43.8
40.8,44.0
41.0,44.0
41.2,44.2
41.3,44.2
41.5,44.3
41.7,44.3
41.7,44.5
41.8,44.5
41.8,44.7
42.0,44.7
42.2,44.7
42.2,44.8
42.3,44.8
42.3,45.0
42.5,45.0
42.5,45.2
42.7,45.2
42.7,45.3
42.8,45.3
42.8,45.5
43.0,45.5
43.0,45.7
43.2,45.7
43.3,45.8
43.5,46.0
43.7,46.2
43.8,46.3
43.8,46.5
43.8,46.7
44.0,46.7
44.0,46.8
44.0,47.0
44.0,47.2
43.8,47.2
43.8,47.3
43.8,47.5
43.8,47.7
43.8,47.8
43.8,48.0
43.8,48.2
43.8,48.3
43.8,48.5
43.8,48.7
43.8,48.8
43.8,49.0
43.8,49.2
43.8,49.3
43.8,49.5
43.8,49.7
43.8,49.8
43.8,50.0
43.8,50.2
43.8,50.3
43.7,50.3
43.7,50.5
43.7,50.7
43.7,50.8
43.7,51.0
43.5,51.0
43.5,51.2
43.5,51.3
43.5,51.5
43.5,51.7
43.5,51.8
43.5,52.0
43.3,52.0
43.3,52.2
43.3,52.3
43.3,52.5
43.2,52.5
43.2,52.7
43.2,52.8
43.2,53.0
43.0,53.2
43.0,53.3
43.0,53.2
43.0,53.3
42.8,53.3
42.8,53.5
42.7,53.7
42.7,53.8
42.5,53.8
42.5,54.0
42.3,54.0
42.3,54.2
42.2,54.2
42.2,54.3
42.2,54.5
42.0,54.5
42.0,54.7
41.8,54.7
41.8,54.8
41.8,55.0
41.7,55.0
41.7,55.2
41.7,55.3
41.5,55.3
41.5,55.5
41.5,55.7
41.3,55.7
41.3,55.8
41.3,56.0
41.2,56.0
41.2,56.2
41.0,56.2
41.0,56.3
41.0,56.5
40.8,56.5
40.8,56.7
40.8,56.8
40.7,56.8
40.7,57.0
40.7,57.2
40.5,57.2
40.5,57.3
40.3,57.3
40.3,57.5
40.3,57.7
40.3,57.8
40.2,57.8
40.2,58.0
40.0,58.2
40.0,58.3
40.0,58.5
39.8,58.5
39.8,58.7
39.8,58.8
39.7,58.8
39.7,59.0
39.7,59.2
39.5,59.3
39.5,59.5
39.5,59.7
39.3,59.7
39.3,59.8
39.3,60.0
39.3,60.2
39.2,60.3
39.2,60.5
39.2,60.7
39.2,60.8
39.2,61.0
39.0,61.0
39.0,61.2
39.0,61.3
39.0,61.5
39.0,61.7
38.8,61.7
38.8,61.8
38.8,62.0
38.8,62.2
38.8,62.3
38.8,62.5
38.8,62.7
38.7,62.8
38.7,63.0
38.7,63.2
38.7,63.3
38.7,63.5
38.7,63.7
38.7,63.8
38.5,63.8
38.5,64.0
38.5,64.2
38.5,64.3
38.5,64.5
38.5,64.7
38.5,64.8
38.5,65.0
38.5,65.2
38.3,65.2
38.3,65.3
38.3,65.5
38.3,65.7
38.3,65.8
38.3,66.0
38.3,66.2
38.3,66.3
38.2,66.3
38.2,66.5
38.2,66.7
38.2,66.8
38.2,67.0
38.2,67.2
38.2,67.3
38.2,67.5
38.2,67.7
38.2,67.8
38.2,68.0
38.0,68.0
38.0,68.2
38.0,68.3
38.0,68.5
38.0,68.7
38.0,68.8
38.0,69.0
38.0,69.2
38.0,69.3
38.0,69.5
38.0,69.7
38.0,69.8
38.0,70.0
38.0,70.2
38.0,70.3
38.0,70.5
38.0,70.7
38.0,70.8
38.0,71.0
38.0,71.2
38.0,71.3
38.0,71.5
38.0,71.7
38.0,71.8
38.0,72.0
38.0,72.2
38.0,72.3
38.0,72.5
38.0,72.7
38.0,72.8
38.0,73.0
38.0,73.2
38.0,73.3
38.0,73.5
38.2,73.7
38.2,73.8
38.2,74.0
38.2,74.2
38.2,74.3
38.3,74.3
38.3,74.5
38.3,74.7
38.3,74.8
38.5,74.8
38.5,75.0
38.5,75.2
38.5,75.3
38.7,75.5
38.7,75.7
38.7,75.8
38.8,75.8
39.0,76.0
39.0,76.2
39.2,76.2
39.2,76.3
39.3,76.5
39.3,76.7
39.5,76.7
39.5,76.8
39.7,76.8
39.7,77.0
39.8,77.0
39.8,77.2
40.0,77.2
40.2,77.3
40.3,77.3
40.3,77.5
40.5,77.5
40.7,77.7
40.8,77.7
41.0,77.8
41.2,77.8
41.2,78.0
41.3,78.0
41.5,78.0
41.5,78.2
41.7,78.2
41.8,78.2
41.8,78.3
42.0,78.3
42.2,78.3
42.3,78.3
42.3,78.5
42.5,78.5
42.7,78.5
42.7,78.7
42.8,78.7
43.0,78.7
43.0,78.8
43.2,78.8
43.3,78.8
43.5,78.8
43.7,78.8
43.8,78.8
43.8,79.0
43.7,79.0
43.5,79.0
43.3,79.0
43.0,78.8
42.8,78.8
42.7,78.7
42.5,78.7
42.2,78.5
42.0,78.5
41.8,78.3
41.7,78.3
41.5,78.2
41.3,78.2
41.3,78.0
41.2,78.0
41.0,77.8
40.8,77.8
40.8,77.7
40.7,77.7
40.5,77.7
40.5,77.5
40.3,77.5
40.3,77.3
40.3,77.2
40.2,77.2
40.2,77.0
40.2,76.8
40.0,76.8
40.0,76.7
40.0,76.5
39.8,76.5
39.8,76.3
39.7,76.3
39.7,76.2
39.5,76.2
39.5,76.0
39.3,76.0
39.3,75.8
39.2,75.8
39.0,75.7
38.8,75.7
38.8,75.5
38.7,75.5
38.5,75.5
38.3,75.5
38.2,75.5
38.0,75.5
37.8,75.5
37.7,75.5
37.5,75.5
37.3,75.5
37.3,75.3
37.2,75.3
37.0,75.3
36.8,75.3
36.8,75.2
36.7,75.2
36.5,75.2
36.3,75.0
36.2,75.0
36.2,74.8
36.0,74.8
36.0,74.7
35.8,74.7
35.8,74.5
35.7,74.5
35.7,74.3
35.5,74.3
35.5,74.2
35.5,74.0
35.5,73.8
35.5,73.7
35.3,73.5
35.3,73.3
35.3,73.2
35.3,73.0
35.2,72.8
35.2,72.7
35.2,72.5
35.0,72.5
35.0,72.3
35.0,72.2
35.0,72.0
35.0,71.8
35.0,71.7
35.0,71.5
35.0,71.3
35.0,71.2
35.0,71.0
35.0,70.8
35.0,70.7
35.0,70.5
35.0,70.3
35.0,70.2
35.0,70.0
35.0,69.8
35.0,69.7
35.0,69.5
35.0,69.3
35.2,69.2
35.2,69.0
35.2,68.8
35.3,68.8
35.3,68.7
35.3,68.5
35.5,68.5
35.5,68.3
35.5,68.2
35.7,68.2
35.7,68.0
35.7,67.8
35.7,67.7
35.8,67.7
35.8,67.5
35.8,67.3
36.0,67.3
36.0,67.2
36.0,67.0
36.2,67.0
36.2,66.8
36.2,66.7
36.3,66.7
36.3,66.5
36.2,66.5
36.2,66.3
36.2,66.2
36.3,66.2
36.3,66.0
36.3,65.8
36.3,65.7
36.3,65.5
36.5,65.5
36.5,65.3
36.7,65.3
36.7,65.2
36.8,65.2
36.8,65.0
37.0,65.0
37.0,64.8
37.0,64.7
37.2,64.7
37.2,64.5
37.2,64.3
37.3,64.3
37.3,64.2
37.3,64.0
37.5,64.0
37.5,63.8
37.5,63.7
37.7,63.7
37.7,63.5
37.7,63.3
37.8,63.3
37.8,63.2
37.8,63.0
38.0,63.0
38.0,62.8
38.2,62.7
38.2,62.5
38.3,62.3
38.3,62.2
38.5,62.2
38.5,62.0
38.5,61.8
38.7,61.8
38.7,61.7
38.5,61.7
38.5,61.8
38.5,62.0
38.5,62.2
38.5,62.3
38.5,62.5
38.5,62.7
38.5,62.8
38.5,63.0
38.5,63.2
38.5,63.3
38.5,63.5
38.5,63.7
38.3,63.8
38.3,64.0
38.3,64.2
38.3,64.3
38.3,64.5
38.2,64.7
38.2,64.8
38.2,65.0
38.2,65.2
38.0,65.2
38.0,65.3
38.0,65.5
38.0,65.7
38.0,65.8
38.0,66.0
38.0,66.2
38.0,66.3
38.0,66.5
38.0,66.7
38.0,66.8
38.0,67.0
38.0,67.2
38.0,67.3
38.0,67.5
38.0,67.7
38.0,67.8
38.0,68.0
38.0,68.2
38.0,68.3
38.0,68.5
38.0,68.7
38.0,68.8
38.0,69.0
38.2,69.2
38.2,69.3
38.2,69.5
38.2,69.7
38.2,69.8
38.2,70.0
38.2,70.2
38.2,70.3
38.2,70.5
38.2,70.7
38.2,70.8
38.2,71.0
38.2,71.2
38.2,71.3
38.2,71.5
38.3,71.5
38.3,71.7
38.3,71.8
38.3,72.0
38.3,72.2
38.3,72.3
38.3,72.5
38.3,72.7
38.3,72.8
38.3,73.0
38.3,73.2
38.3,73.3
38.5,73.3
38.5,73.5
38.5,73.7
38.5,73.8
38.7,74.0
38.7,74.2
38.7,74.3
38.8,74.3
38.8,74.5
38.8,74.7
38.8,74.8
39.0,74.8
39.0,75.0
39.0,75.2
39.0,75.3
39.0,75.5
39.2,75.5
39.2,75.7
39.2,75.8
39.3,76.0
39.3,76.2
39.3,76.3
39.5,76.3
39.5,76.5
39.7,76.7
39.7,76.8
39.8,76.8
39.8,77.0
40.0,77.0
40.0,77.2
40.2,77.2
40.2,77.3
40.3,77.3
40.3,77.5
40.5,77.5
40.5,77.7
40.7,77.7
40.8,77.8
41.0,77.8
41.0,78.0
41.2,78.0
41.2,78.2
41.3,78.2
41.5,78.2
41.5,78.3
41.7,78.3
41.8,78.3
41.8,78.5
42.0,78.5
42.2,78.5
42.2,78.7
42.3,78.7
42.5,78.7
42.7,78.7
42.7,78.8
42.8,78.8
43.0,78.8
43.0,79.0
43.2,79.0
43.3,79.0
43.5,79.0
43.7,79.0
43.8,79.0
44.0,79.0
44.2,79.0
44.3,79.0
44.5,79.0
44.5,79.2
44.7,79.2
44.7,79.3
44.8,79.3
44.8,79.5
44.8,79.7
44.8,79.8
44.8,80.0
44.8,80.2
44.8,80.3
44.8,80.5
44.8,80.7
45.0,80.7
45.0,80.8
45.0,81.0
45.0,81.2
45.0,81.3
45.0,81.5
45.0,81.7
45.0,81.8
45.0,82.0
45.0,82.2
45.0,82.3
45.0,82.5
45.0,82.7
45.0,82.8
45.0,83.0
45.0,83.2
44.8,83.2
44.8,83.3
44.8,83.5
44.7,83.5
44.5,83.5
44.3,83.5
44.2,83.5
44.0,83.5
43.8,83.5
43.8,83.3
43.7,83.3
43.5,83.3
43.3,83.3
43.3,83.2
43.2,83.2
43.0,83.2
42.8,83.2
42.7,83.2
42.5,83.2
42.3,83.2
42.2,83.2
42.0,83.2
42.0,83.0
41.8,83.0
41.7,83.0
41.5,83.0
41.3,83.0
41.2,83.0
41.0,83.0
41.0,82.8
40.8,82.8
40.7,82.8
40.5,82.8
40.3,82.8
40.2,82.8
40.0,82.8
39.8,82.8
39.7,82.8
39.5,82.8
39.3,82.8
39.2,82.8
39.0,82.8
38.8,82.8
38.7,82.8
38.5,82.8
38.3,82.8
38.2,82.8
38.0,82.8
37.8,82.8
37.7,82.8
37.5,82.8
37.3,82.8
37.2,82.8
37.0,82.8
36.8,82.8
36.7,82.8
36.5,82.8
36.3,82.8
36.3,83.0
36.2,83.0
36.0,83.0
35.8,83.0
35.8,83.2
35.7,83.2
35.5,83.2
35.3,83.2
35.3,83.3
35.2,83.3
35.0,83.3
35.0,83.5
34.8,83.5
34.7,83.5
34.7,83.7
34.5,83.7
34.3,83.7
34.3,83.8
34.2,83.8
34.0,83.8
34.0,84.0
33.8,84.0
33.7,84.0
33.5,84.0
33.5,84.2
33.3,84.2
33.2,84.2
33.2,84.3
33.0,84.3
32.8,84.3
32.8,84.5
32.7,84.5
32.7,84.7
32.5,84.7
32.5,84.8
32.5,85.0
32.3,85.0
32.3,85.2
32.3,85.3
32.3,85.5
32.3,85.7
32.3,85.8
32.2,85.8
32.2,86.0
32.2,86.2
32.2,86.3
32.2,86.5
32.2,86.7
32.2,86.8
32.2,87.0
32.2,87.2
32.2,87.3
32.2,87.5
32.2,87.7
32.2,87.8
32.2,88.0
32.2,88.2
32.2,88.3
32.2,88.5
32.3,88.5
32.3,88.7
32.3,88.8
32.3,89.0
32.5,89.0
32.5,89.2
32.7,89.2
32.7,89.3
32.7,89.5
32.8,89.5
32.8,89.7
33.0,89.7
33.0,89.8
33.2,89.8
33.2,90.0
33.3,90.0
33.5,90.2
33.7,90.3
33.8,90.3
33.8,90.5
34.0,90.5
34.2,90.7
34.3,90.7
34.5,90.7
34.5,90.8
34.7,90.8
34.8,90.8
34.8,91.0
35.0,91.0
35.2,91.0
35.3,91.2
35.5,91.2
35.5,91.3
35.7,91.3
35.8,91.3
36.0,91.3
36.2,91.3
36.3,91.3
36.5,91.3
36.7,91.3
36.8,91.3
37.0,91.3
37.2,91.3
37.3,91.3
37.3,91.2
37.3,91.0
37.3,90.8
37.3,90.7
37.3,90.5
37.5,90.5
37.5,90.3
37.5,90.2
37.5,90.0
37.7,90.0
37.8,90.0
37.8,89.8
38.0,89.8
38.0,89.7
38.2,89.7
38.2,89.5
38.3,89.5
38.3,89.3
38.5,89.3
38.7,89.3
38.7,89.2
38.8,89.2
38.8,89.0
39.0,89.0
39.2,89.0
39.2,88.8
39.3,88.8
39.2,88.8
39.0,89.0
38.8,89.2
38.8,89.3
38.7,89.3
38.7,89.5
38.5,89.5
38.5,89.7
38.5,89.8
38.3,89.8
38.3,90.0
38.3,90.2
38.3,90.3
38.3,90.5
38.3,90.7
38.3,90.8
38.3,91.0
38.5,91.0
38.7,91.0
38.7,91.2
38.8,91.2
38.8,91.3
39.0,91.3
39.2,91.3
39.2,91.5
39.3,91.5
39.5,91.5
39.5,91.7
39.7,91.7
39.8,91.7
40.0,91.7
40.2,91.7
40.3,91.7
40.3,91.8
40.5,91.8
40.7,91.8
40.8,91.8
41.0,91.8
41.2,91.8
41.2,92.0
41.3,92.0
41.5,92.0
41.7,92.0
41.8,92.0
42.0,92.0
42.2,92.0
42.3,92.0
42.5,92.0
42.7,92.0
42.8,92.0
43.0,92.0
43.2,92.0
43.3,92.0
43.5,92.0
43.7,92.0
43.7,91.8
43.7,91.7
43.7,91.5
43.7,91.3
43.7,91.2
43.7,91.0
43.7,90.8
43.7,90.7
43.7,90.5
43.7,90.3
43.7,90.2
43.7,90.0
43.7,89.8
43.8,89.7
44.0,89.5
44.0,89.3
44.0,89.2
44.2,89.2
44.2,89.0
44.3,89.0
44.3,88.8
44.5,88.7
44.5,88.5
44.7,88.5
44.7,88.3
44.8,88.3
44.8,88.2
45.0,88.2
45.0,88.0
45.2,88.0
45.3,87.8
45.5,87.8
45.7,87.7
45.8,87.7
46.0,87.5
46.2,87.5
46.2,87.3
46.3,87.3
46.5,87.3
46.5,87.2
46.7,87.2
46.8,87.2
47.0,87.0
47.2,87.0
47.2,86.8
47.3,86.8
47.5,86.8
47.7,86.8
47.7,86.7
47.8,86.7
48.0,86.7
48.0,86.5
48.2,86.5
48.3,86.5
48.5,86.5
48.5,86.3
48.7,86.3
48.8,86.3
49.0,86.3
49.0,86.2
49.2,86.2
49.3,86.2
49.5,86.2
49.7,86.2
49.7,86.0
49.8,86.0
50.0,86.0
50.2,86.0
50.2,85.8
50.3,85.8
50.5,85.8
50.7,85.8
50.8,85.8
51.0,85.8
51.2,85.8
51.3,85.8
51.3,85.7
51.5,85.7
51.7,85.7
51.8,85.7
52.0,85.7
52.2,85.7
52.3,85.5
52.5,85.5
52.7,85.5
52.7,85.3
52.8,85.3
52.8,85.2
53.0,85.2
53.0,85.0
53.2,85.0
53.2,84.8
53.3,84.8
53.3,84.7
53.5,84.7
53.5,84.5
53.7,84.3
53.7,84.2
53.8,84.2
53.8,84.0
54.0,83.8
54.0,83.7
54.0,83.5
54.2,83.5
54.2,83.3
54.2,83.2
54.2,83.0
54.2,82.8
54.3,82.8
54.3,82.7
54.3,82.5
54.3,82.3
54.5,82.3
54.5,82.2
54.5,82.0
54.5,81.8
54.7,81.7
54.7,81.5
54.7,81.3
54.7,81.2
54.7,81.0
54.8,81.0
54.8,80.8
54.8,80.7
54.8,80.5
54.8,80.3
54.8,80.2
54.8,80.0
55.0,80.0
55.0,79.8
55.0,80.0
55.0,80.2
55.0,80.3
54.8,80.3
54.8,80.5
54.8,80.7
54.8,80.8
54.8,81.0
54.8,81.2
54.8,81.3
54.7,81.3
54.7,81.5
54.7,81.7
54.7,81.8
54.7,82.0
54.7,82.2
54.7,82.3
54.7,82.5
54.7,82.7
54.7,82.8
54.7,83.0
54.7,83.2
54.7,83.3
54.5,83.3
54.5,83.5
54.5,83.7
54.3,83.7
54.3,83.8
54.3,84.0
54.2,84.0
54.2,84.2
54.0,84.2
54.0,84.3
54.0,84.5
53.8,84.5
53.8,84.7
53.7,84.7
53.7,84.8
53.5,84.8
53.3,84.8
53.3,85.0
53.2,85.0
53.0,85.0
53.0,85.2
52.8,85.2
52.7,85.2
52.5,85.2
52.5,85.3
52.3,85.3
52.2,85.3
52.0,85.3
51.8,85.3
51.8,85.5
51.7,85.5
51.5,85.5
51.3,85.5
51.3,85.7
51.2,85.7
51.0,85.7
50.8,85.7
50.8,85.8
50.7,85.8
50.5,85.8
50.3,85.8
50.2,86.0
50.0,86.0
49.8,86.0
49.7,86.0
49.5,86.0
49.5,86.2
49.3,86.2
49.2,86.2
49.2,86.3
49.0,86.3
48.8,86.3
48.7,86.3
48.7,86.5
48.5,86.5
48.3,86.5
48.3,86.7
48.2,86.7
48.0,86.7
48.0,86.8
47.8,86.8
47.7,86.8
47.5,86.8
47.3,86.8
47.2,87.0
47.0,87.0
47.0,87.2
46.8,87.3
46.7,87.5
46.7,87.7
46.5,87.7
46.3,87.8
46.2,88.0
46.0,88.2
45.8,88.3
45.7,88.3
45.7,88.5
45.5,88.5
45.5,88.7
45.3,88.7
45.3,88.8
45.2,88.8
45.2,89.0
45.2,89.2
45.0,89.2
45.0,89.3
44.8,89.3
44.8,89.5
44.8,89.7
44.7,89.7
44.7,89.8
44.5,89.8
44.5,90.0
44.5,90.2
44.5,90.3
44.5,90.5
44.5,90.7
44.5,90.8
44.5,91.0
44.5,91.2
44.5,91.3
44.5,91.5
44.5,91.7
44.5,91.8
44.5,92.0
44.7,92.0
44.7,92.2
44.8,92.2
44.8,92.3
44.8,92.5
45.0,92.5
45.0,92.7
45.2,92.7
45.3,92.8
45.5,93.0
45.7,93.0
45.7,93.2
45.8,93.2
46.0,93.2
46.2,93.2
46.2,93.3
46.3,93.3
46.5,93.3
46.5,93.5
46.7,93.5
46.8,93.5
46.8,93.7
47.0,93.7
47.2,93.7
47.3,93.7
47.3,93.8
47.5,93.8
47.7,93.8
47.8,93.8
48.0,94.0
48.2,94.0
48.3,94.0
48.5,94.0
48.7,94.0
48.8,94.0
48.8,94.2
49.0,94.2
49.2,94.2
49.3,94.2
49.5,94.2
49.7,94.2
49.8,94.2
49.8,94.3
50.0,94.3
50.2,94.3
50.3,94.3
50.5,94.3
50.7,94.3
50.8,94.3
51.0,94.3
51.2,94.3
51.3,94.3
51.3,94.5
51.5,94.5
51.7,94.5
51.8,94.5
52.0,94.5
52.2,94.5
52.3,94.5
52.3,94.7
52.5,94.7
52.7,94.7
52.8,94.7
53.0,94.7
53.2,94.7
53.3,94.7
53.5,94.7
53.7,94.7
53.8,94.7
54.0,94.7
54.2,94.7
54.3,94.7
54.5,94.7
54.7,94.7
54.8,94.7
55.0,94.7
55.2,94.7
55.3,94.7
55.5,94.7
55.7,94.7
55.8,94.7
56.0,94.7
56.0,94.5
55.8,94.5
55.7,94.5
55.5,94.5
55.3,94.5
55.2,94.5
55.0,94.5
55.0,94.3
54.8,94.3
54.7,94.3
54.5,94.3
54.3,94.3
54.2,94.3
54.2,94.2
54.0,94.2
53.8,94.2
53.7,94.2
53.5,94.2
53.3,94.0
53.2,94.0
53.0,94.0
52.7,94.0
52.5,94.0
52.5,93.8
52.3,93.8
52.2,93.8
52.0,93.8
51.8,93.8
51.8,93.7
51.7,93.7
51.5,93.7
51.3,93.7
51.2,93.7
51.0,93.7
50.8,93.7
50.8,93.5
50.7,93.5
50.5,93.5
50.5,93.3
50.7,93.3
50.8,93.3
50.8,93.2
51.0,93.2
51.0,93.0
51.0,92.8
51.0,92.7
51.0,92.5
51.0,92.3
51.0,92.2
51.0,92.0
51.0,91.8
51.0,91.7
51.0,91.5
51.0,91.3
51.0,91.2
51.0,91.3
51.0,91.5
51.0,91.7
51.0,91.8
51.0,92.0
51.0,92.2
51.0,92.3
51.0,92.5
51.0,92.7
51.0,92.8
51.0,93.0
51.2,93.0
51.2,93.2
51.3,93.2
51.3,93.3
51.3,93.5
51.5,93.5
51.7,93.5
51.7,93.7
51.8,93.7
51.8,93.8
52.0,93.8
52.2,93.8
52.3,93.8
52.5,93.8
52.5,94.0
52.7,94.0
52.8,94.0
53.0,94.0
53.2,94.0
53.3,94.0
53.3,94.2
53.5,94.2
53.7,94.2
53.8,94.2
54.0,94.2
54.2,94.2
54.3,94.2
54.5,94.2
54.7,94.2
54.8,94.2
55.0,94.2
55.2,94.2
55.3,94.2
55.5,94.2
55.7,94.2
55.8,94.2
55.8,94.0
55.8,93.8
55.8,93.7
55.8,93.5
55.8,93.3
55.8,93.2
55.8,93.0
55.8,92.8
55.8,92.7
55.8,92.5
55.8,92.3
55.8,92.2
55.8,92.0
55.8,91.8
55.8,91.7
55.8,91.5
55.8,91.3
55.8,91.5
55.8,91.7
55.8,91.8
55.8,92.0
55.8,92.2
55.8,92.3
55.8,92.5
55.8,92.7
55.8,92.8
55.8,93.0
55.8,93.2
56.0,93.2
56.0,93.3
56.2,93.5
56.2,93.7
56.3,93.7
56.3,93.8
56.5,93.8
56.7,93.8
56.7,94.0
56.8,94.0
57.0,94.0
57.2,94.2
57.3,94.2
57.5,94.2
57.7,94.2
57.8,94.2
58.0,94.2
58.2,94.2
58.3,94.2
58.5,94.2
58.7,94.2
58.8,94.2
59.0,94.2
59.2,94.2
59.3,94.2
59.5,94.2
59.7,94.2
59.8,94.2
60.0,94.2
60.2,94.2
60.3,94.2
60.5,94.2
60.7,94.2
60.8,94.2
60.8,94.0
61.0,94.0
61.2,94.0
61.2,93.8
61.3,93.8
61.5,93.8
61.5,93.7
61.7,93.7
61.7,93.5
61.8,93.5
61.8,93.3
62.0,93.3
62.0,93.2
62.2,93.2
62.2,93.0
62.3,93.0
62.3,92.8
62.5,92.8
62.5,92.7
62.7,92.7
62.7,92.5
62.7,92.3
62.8,92.3
62.8,92.2
62.8,92.0
62.8,91.8
62.8,91.7
63.0,91.7
63.0,91.5
63.0,91.3
63.0,91.2
63.0,91.0
63.0,90.8
63.0,90.7
63.0,90.5
63.0,90.3
63.0,90.2
63.0,90.0
63.0,89.8
63.0,89.7
63.0,89.5
62.8,89.5
62.8,89.3
62.7,89.3
62.7,89.2
62.5,89.2
62.5,89.0
62.3,89.0
62.3,88.8
62.2,88.8
62.2,88.7
62.0,88.7
62.0,88.5
61.8,88.5
61.8,88.3
61.7,88.3
61.7,88.2
61.5,88.2
61.5,88.0
61.3,88.0
61.3,87.8
61.3,87.7
61.2,87.7
61.2,87.5
61.2,87.3
61.2,87.2
61.2,87.0
61.2,86.8
61.2,86.7
61.2,86.5
61.0,86.5
61.0,86.3
61.0,86.2
61.0,86.0
61.0,85.8
60.8,85.8
60.8,85.7
60.8,85.5
60.8,85.3
60.8,85.2
60.7,85.2
60.7,85.0
60.7,84.8
60.7,84.7
60.7,84.5
60.7,84.3
60.7,84.2
60.7,84.0
60.7,83.8
60.8,83.8
60.8,83.7
60.8,83.5
61.0,83.5
61.0,83.3
61.0,83.2
61.2,83.2
61.2,83.0
61.2,82.8
61.3,82.8
61.3,82.7
61.3,82.5
61.5,82.5
61.5,82.3
61.5,82.2
61.7,82.2
61.8,82.0
61.8,81.8
62.0,81.8
62.0,81.7
62.2,81.5
62.2,81.3
62.3,81.3
62.3,81.2
62.5,81.2
62.5,81.0
62.5,80.8
62.7,80.8
62.7,80.7
62.8,80.7
62.8,80.5
62.8,80.3
63.0,80.3
63.0,80.2
63.2,80.0
63.2,79.8
63.3,79.8
63.3,79.7
63.5,79.7
63.5,79.5
63.5,79.3
63.5,79.2
63.5,79.0
63.5,78.8
63.5,78.7
63.5,78.5
63.7,78.5
63.7,78.3
63.7,78.2
63.7,78.0
63.8,78.0
63.8,77.8
63.8,77.7
64.0,77.7
64.0,77.5
64.0,77.3
64.0,77.2
64.2,77.2
64.2,77.0
64.2,76.8
64.2,76.7
64.2,76.5
64.2,76.3
64.2,76.2
64.3,76.2
64.3,76.0
64.3,75.8
64.3,75.7
64.3,75.5
64.3,75.3
64.3,75.2
64.3,75.0
64.3,74.8
64.3,74.7
64.3,74.5
64.3,74.3
64.3,74.2
64.3,74.0
64.3,73.8
64.3,73.7
64.3,73.5
64.3,73.3
64.3,73.2
64.3,73.0
64.3,72.8
64.3,72.7
64.3,72.5
64.3,72.3
64.3,72.2
64.3,72.0
64.3,71.8
64.3,71.7
64.2,71.7
64.2,71.5
64.2,71.3
64.2,71.2
64.2,71.0
64.2,70.8
64.2,70.7
64.0,70.7
64.0,70.5
64.0,70.3
64.0,70.2
63.8,69.3
63.8,69.5
63.8,69.7
63.7,69.7
63.5,69.8
63.5,70.0
63.3,70.0
63.2,70.0
63.2,70.2
63.0,70.2
63.0,70.3
62.8,70.3
62.7,70.5
62.5,70.5
62.3,70.5
62.3,70.7
62.2,70.7
62.0,70.7
61.8,70.8
61.7,70.8
61.5,70.8
61.5,71.0
61.3,71.0
61.2,71.0
61.0,71.0
60.8,71.0
60.7,71.0
60.5,71.0
60.3,71.0
60.2,71.0
60.0,71.0
59.8,71.0
59.7,71.0
59.5,71.0
59.3,71.0
59.2,71.0
59.0,71.0
58.8,71.0
58.7,71.0
58.8,71.0
59.0,71.0
59.2,71.0
59.2,71.2
59.3,71.2
59.5,71.2
59.7,71.2
59.5,71.2
59.3,71.2
59.2,71.2
59.0,71.2
58.8,71.2
58.7,71.2
58.5,71.2
58.3,71.2
58.2,71.2
58.0,71.2
58.0,71.0
57.8,71.0
57.8,70.8
57.7,70.8
57.7,70.7
57.5,70.7
57.5,70.5
57.3,70.5
57.2,70.3
57.2,70.2
57.0,70.2
57.0,70.0
56.8,70.0
56.8,69.8
56.7,69.8
56.7,69.7
56.5,69.5
56.5,69.3
56.5,69.2
56.3,69.0
56.3,68.8
56.3,68.7
56.3,68.5
56.3,68.3
56.2,68.2
56.2,68.0
56.2,67.8
56.2,67.7
56.2,67.5
56.2,67.3
56.2,67.2
56.0,67.2
56.0,67.0
56.0,66.8
56.0,66.7
56.0,66.5
55.8,66.5
55.8,66.3
55.8,66.2
55.8,66.0
55.8,65.8
55.8,65.7
55.7,65.7
55.7,65.5
55.7,65.3
55.7,65.2
55.7,65.0
55.7,64.8
55.7,64.7
55.7,64.5
55.7,64.3
55.7,64.2
55.7,64.0
55.7,63.8
55.7,63.7
55.7,63.5
55.7,63.3
55.7,63.2
55.7,63.0
55.7,62.8
55.7,62.7
55.7,62.5
55.7,62.3
55.7,62.2
55.7,62.0
55.7,61.8
55.7,61.7
55.5,61.7
55.5,61.5
55.5,61.3
55.5,61.2
55.3,61.2
55.3,61.0
55.3,60.8
55.2,60.8
55.2,60.7
55.0,60.7
55.0,60.5
55.0,60.3
54.8,60.3
54.8,60.2
54.7,60.2
54.7,60.0
54.7,59.8
54.5,59.8
54.5,59.7
54.3,59.7
54.3,59.5
54.2,59.5
54.2,59.7
54.3,59.7
54.3,59.8
54.5,60.0
54.5,60.2
54.5,60.3
54.7,60.3
54.7,60.5
54.8,60.7
54.8,60.8
55.0,60.8
55.0,61.0
55.0,61.2
55.2,61.3
55.2,61.5
55.2,61.7
55.2,61.8
55.3,62.0
55.3,62.2
55.3,62.3
55.3,62.5
55.5,62.7
55.5,62.8
55.5,63.0
55.7,63.2
55.7,63.3
55.7,63.5
55.8,63.5
55.8,63.7
55.8,63.8
55.8,64.0
55.8,64.2
56.0,64.3
56.0,64.5
56.0,64.7
56.0,64.8
56.0,65.0
56.0,65.2
56.2,65.2
56.2,65.3
56.2,65.5
56.2,65.7
56.2,65.8
56.2,66.0
56.3,66.0
56.3,66.2
56.3,66.3
56.3,66.5
56.3,66.7
56.3,66.8
56.3,67.0
56.3,67.2
56.3,67.3
56.3,67.5
56.3,67.7
56.3,67.8
56.3,68.0
56.5,68.0
56.5,68.2
56.5,68.3
56.5,68.5
56.7,68.5
56.7,68.7
56.7,68.8
56.7,69.0
56.7,69.2
56.8,69.2
56.8,69.3
56.8,69.5
57.0,69.5
57.0,69.7
57.2,69.8
57.2,70.0
57.3,70.0
57.3,70.2
57.5,70.2
57.5,70.3
57.7,70.3
57.8,70.3
57.8,70.5
58.0,70.5
58.2,70.5
58.2,70.7
58.3,70.7
58.3,70.8
58.5,70.8
58.5,70.7
58.7,70.7
58.8,70.7
59.0,70.7
59.2,70.7
59.2,70.5
59.3,70.5
59.3,70.3
59.3,70.2
59.3,70.0
59.3,69.8
59.3,69.7
59.3,69.5
59.3,69.3
59.3,69.2
59.3,69.0
59.3,68.8
59.3,68.7
59.3,68.5
59.3,68.3
59.3,68.2
59.3,68.0
59.3,67.8
59.3,67.7
59.3,67.8
59.3,68.0
59.3,68.2
59.3,68.3
59.3,68.5
59.3,68.7
59.3,68.8
59.3,69.0
59.3,69.2
59.3,69.3
59.3,69.5
59.3,69.7
59.3,69.8
59.3,70.0
59.3,70.2
59.5,70.2
59.5,70.3
59.7,70.3
59.7,70.5
59.8,70.5
60.0,70.5
60.0,70.7
60.2,70.7
60.3,70.7
60.5,70.7
60.7,70.7
60.8,70.7
61.0,70.7
61.2,70.7
61.3,70.7
61.5,70.7
61.7,70.7
61.8,70.7
61.8,70.5
61.8,70.3
61.8,70.2
61.8,70.0
61.8,69.8
61.8,69.7
61.8,69.5
61.8,69.3
61.8,69.2
61.8,69.0
61.7,68.8
61.7,68.7
61.7,68.5
61.7,68.3
61.7,68.2
61.5,68.2
61.5,68.0
61.5,67.8
61.5,67.7
61.5,67.5
61.5,67.7
61.5,67.8
61.5,68.0
61.5,68.2
61.7,68.3
61.7,68.5
61.8,68.7
61.8,68.8
62.0,68.8
62.0,69.0
62.2,69.2
62.2,69.3
62.3,69.3
62.3,69.5
62.5,69.7
62.5,69.8
62.7,69.8
62.8,69.8
62.8,70.0
63.0,70.0
63.0,70.2
63.2,70.2
64.2,70.0
64.2,69.8
64.2,69.7
64.0,69.7
64.0,69.5
64.0,69.3
64.0,69.2
64.0,69.0
64.0,68.8
64.0,68.7
64.0,68.5
64.0,68.3
64.0,68.2
63.8,68.2
63.8,68.0
63.8,67.8
63.8,67.7
63.8,67.5
63.8,67.3
63.8,67.2
63.8,67.0
63.8,66.8
63.8,66.7
63.8,66.5
63.8,66.3
63.7,66.3
63.7,66.2
63.7,66.0
63.7,65.8
63.7,65.7
63.7,65.5
63.5,65.5
63.5,65.3
63.5,65.2
63.5,65.0
63.3,65.0
63.3,64.8
63.3,64.7
63.3,64.5
63.3,64.3
63.3,64.2
63.2,64.2
63.2,64.0
63.2,63.8
63.2,63.7
63.2,63.5
63.0,63.5
63.0,63.3
63.0,63.2
63.0,63.0
62.8,62.8
62.8,62.7
62.8,62.5
62.8,62.3
62.7,62.3
62.7,62.2
62.7,62.0
62.5,61.8
62.5,61.7
62.5,61.5
62.3,61.5
62.3,61.3
62.3,61.2
62.3,61.0
62.2,61.0
62.2,60.8
62.2,60.7
62.2,60.5
62.0,60.5
62.0,60.3
62.0,60.2
62.0,60.0
61.8,60.0
61.8,59.8
61.8,59.7
61.7,59.7
61.7,59.5
61.7,59.3
61.5,59.3
61.5,59.2
61.5,59.0
61.3,59.0
61.3,58.8
61.3,58.7
61.2,58.7
61.2,58.5
61.2,58.3
61.0,58.3
61.0,58.2
61.0,58.0
60.8,58.0
60.8,57.8
60.8,57.7
60.7,57.7
60.7,57.5
60.7,57.3
60.5,57.2
60.5,57.0
60.5,56.8
60.3,56.8
60.3,56.7
60.2,56.7
60.2,56.5
60.2,56.3
60.0,56.3
60.0,56.2
59.8,56.2
59.8,56.0
59.7,56.0
59.7,55.8
59.5,55.8
59.5,55.7
59.3,55.7
59.3,55.5
59.2,55.5
59.2,55.3
59.0,55.3
59.0,55.2
58.8,55.2
58.8,55.0
58.8,54.8
58.7,54.8
58.7,54.7
58.5,54.7
58.5,54.5
58.3,54.5
58.3,54.3
58.2,54.3
58.2,54.2
58.0,54.2
58.0,54.0
57.8,53.8
57.8,53.7
57.7,53.7
57.7,53.5
57.5,53.5
57.5,53.3
57.3,53.3
57.3,53.2
57.3,53.0
57.2,53.0
57.2,52.8
57.2,52.7
57.0,52.7
57.0,52.5
57.0,52.3
56.8,52.3
56.8,52.2
56.8,52.0
56.8,51.8
56.7,51.8
56.7,51.7
56.7,51.5
56.5,51.5
56.5,51.3
56.5,51.2
56.3,51.2
56.3,51.0
56.2,51.0
56.2,50.8
56.2,50.7
56.0,50.7
56.0,50.5
55.8,50.5
55.7,50.5
55.5,50.5
55.5,50.3
55.3,50.3
55.3,50.2
55.2,50.2
55.0,50.2
54.8,50.0
54.7,50.0
54.7,49.8
54.5,49.8
54.3,49.8
54.3,49.7
54.2,49.7
54.0,49.7
54.0,49.5
53.8,49.5
53.7,49.5
53.7,49.3
53.5,49.3
53.3,49.2
53.2,49.2
53.0,49.2
52.8,49.2
52.7,49.0
52.5,49.0
52.3,49.0
52.2,48.8
52.0,48.8
51.8,48.8
51.7,48.8
51.5,48.8
51.5,48.7
51.3,48.7
51.2,48.7
51.0,48.7
50.8,48.7
50.8,48.5
50.7,48.5
50.5,48.5
50.3,48.5
50.2,48.5
50.0,48.5
49.8,48.5
49.7,48.5
49.7,48.3
49.5,48.3
49.3,48.3
49.2,48.3
49.0,48.3
48.8,48.3
48.7,48.3
48.5,48.3
48.3,48.3
48.2,48.3
48.0,48.3
47.8,48.3
47.7,48.3
47.5,48.3
47.3,48.3
47.2,48.3
47.0,48.3
46.8,48.3
46.7,48.3
46.5,48.3
46.3,48.3
46.2,48.3
46.0,48.5
45.8,48.5
45.7,48.5
45.5,48.5
45.3,48.7
45.2,48.7
45.2,48.8
45.0,48.8
44.8,48.8
44.8,49.0
44.7,49.0
44.7,49.2
44.5,49.2
44.3,49.2
44.3,49.3
44.2,49.3
44.2,49.5
44.0,49.5
43.8,49.5
43.7,49.5
43.7,49.7
43.5,49.7
43.5,49.8
43.3,49.8
43.2,49.8
43.0,49.8
43.0,50.0
42.8,50.0
42.7,50.0
42.7,50.2
42.5,50.2
42.5,50.3
42.3,50.3
42.3,50.5
42.3,50.7
42.2,50.7
42.3,50.7
42.5,50.7
42.7,50.5
42.8,50.3
43.0,50.3
43.0,50.2
43.2,50.2
43.3,50.2
43.5,50.2
43.5,50.0
43.7,50.0
43.8,50.0
43.8,49.8
44.0,49.8
44.2,49.8
44.2,49.7
44.3,49.7
44.5,49.7
44.5,49.5
44.7,49.5
44.8,49.5
44.8,49.3
45.0,49.3
45.2,49.3
45.3,49.3
45.5,49.3
45.7,49.3
45.7,49.2
45.8,49.2
46.0,49.2
46.2,49.2
46.3,49.2
46.3,49.0
46.5,49.0
46.7,49.0
46.8,49.0
47.0,49.0
47.2,49.0
47.2,48.8
47.3,48.8
47.5,48.8
47.7,48.8
47.8,48.8
47.8,48.7
48.0,48.7
48.2,48.7
48.3,48.7
48.5,48.7
48.7,48.7
48.8,48.7
49.0,48.7
49.2,48.7
49.2,48.5
49.3,48.5
49.5,48.5
49.7,48.5
49.8,48.5
50.0,48.5
50.2,48.5
50.3,48.5
50.5,48.5
50.7,48.5
50.8,48.5
51.0,48.5
51.2,48.5
51.3,48.5
51.5,48.5
51.7,48.5
51.8,48.5
52.0,48.5
52.2,48.5
52.3,48.5
52.3,48.7
52.5,48.7
52.7,48.7
52.8,48.7
52.8,48.8
53.0,48.8
53.2,48.8
53.3,48.8
53.3,49.0
53.5,49.0
53.7,49.0
53.8,49.2
54.0,49.2
54.2,49.2
54.2,49.3
54.3,49.3
54.5,49.3
54.7,49.3
54.7,49.5
54.8,49.5
55.0,49.5
55.0,49.7
55.2,49.7
55.3,49.7
55.3,49.8
55.5,49.8
55.5,50.0
55.7,50.0
55.8,50.0
56.0,50.2
56.2,50.2
56.2,50.3
56.3,50.3
56.5,50.3
56.5,50.5
56.7,50.5
56.7,50.7
56.8,50.7
56.8,50.8
57.0,50.8
57.0,50.7
56.8,50.7
56.7,50.7
56.7,50.5
56.5,50.5
56.3,50.5
56.3,50.3
56.2,50.3
56.0,50.3
55.8,50.3
55.8,50.2
55.8,50.0
55.7,50.0
55.7,49.8
55.5,49.8
55.5,49.7
55.3,49.5
55.2,49.3
55.0,49.2
55.0,49.0
54.8,49.0
54.8,48.8
54.8,48.7
54.8,48.5
54.8,48.3
54.8,48.2
54.8,48.0
54.8,47.8
54.8,47.7
54.8,47.5
54.8,47.3
54.8,47.2
54.8,47.0
54.8,46.8
54.8,46.7
55.0,46.7
55.0,46.5
55.2,46.5
55.2,46.3
55.2,46.2
55.3,46.2
55.5,46.2
55.5,46.0
55.7,46.0
55.7,45.8
55.8,45.8
55.8,45.7
56.0,45.7
56.2,45.7
56.2,45.5
56.3,45.5
56.5,45.5
56.7,45.5
56.8,45.5
57.0,45.5
57.5,45.7
57.5,45.8
57.5,46.0
57.5,46.2
57.5,46.3
57.7,46.5
57.7,46.7
57.7,46.8
57.8,46.8
57.8,47.0
57.8,47.2
58.0,47.2
58.0,47.3
58.0,47.5
58.2,47.7
58.3,47.8
58.3,48.0
58.5,48.0
58.5,48.2
58.7,48.2
58.7,48.3
58.8,48.3
59.0,48.3
59.0,48.5
59.2,48.7
59.3,48.7
59.3,48.8
59.5,48.8
59.7,48.8
59.8,49.0
60.0,49.0
60.2,49.2
60.3,49.2
60.5,49.2
60.5,49.3
60.7,49.3
60.8,49.3
61.0,49.3
61.0,49.5
61.2,49.5
61.3,49.5
61.3,49.7
61.5,49.7
61.7,49.7
61.8,49.7
62.0,49.8
62.2,49.8
62.3,49.8
62.5,49.8
62.7,49.8
62.8,49.8
63.0,49.8
63.0,50.0
63.2,50.0
63.3,50.0
63.5,50.0
63.7,50.0
63.8,50.0
64.0,50.0
64.2,50.0
64.3,50.0
64.5,50.0
64.7,50.0
64.8,50.0
65.0,50.0
65.2,50.0
65.3,50.0
65.5,50.0
65.7,50.0
65.8,50.0
66.0,50.0
66.2,50.0
66.2,49.8
66.3,49.8
66.5,49.8
66.5,49.7
66.7,49.7
66.8,49.7
66.8,49.5
67.0,49.5
67.2,49.5
67.2,49.3
67.3,49.3
67.5,49.2
67.7,49.2
67.7,49.0
67.8,48.8
68.0,48.8
68.0,48.7
68.2,48.7
68.2,48.5
68.3,48.5
68.3,48.3
68.5,48.3
68.5,48.2
68.7,48.2
68.7,48.0
68.8,47.8
69.0,47.7
69.0,47.5
69.2,47.5
69.2,47.3
69.3,47.2
69.3,47.0
69.5,46.8
69.5,46.7
69.7,46.7
69.7,46.5
69.7,46.3
69.8,46.2
69.8,46.0
69.8,45.8
69.8,45.7
69.8,45.5
70.0,45.3
70.0,45.2
70.0,45.0
70.0,44.8
70.0,44.7
70.0,44.5
70.0,44.3
70.0,44.2
70.0,44.0
70.0,43.8
70.2,43.8
70.2,43.7
70.2,43.5
70.2,43.3
70.2,43.2
70.2,43.0
70.2,42.8
70.2,42.7
70.2,42.5
70.2,42.3
70.2,42.2
70.2,42.0
70.2,41.8
70.2,41.7
70.2,41.5
70.2,41.3
70.2,41.2
70.2,41.0
70.2,40.8
70.2,40.7
70.2,40.5
70.2,40.3
70.2,40.2
70.2,40.0
70.2,39.8
70.2,39.7
70.2,39.5
70.2,39.3
70.2,39.2
70.2,39.0
70.2,38.8
70.0,38.8
70.0,38.7
70.0,38.5
70.0,38.3
69.8,38.3
69.8,38.2
69.7,38.0
69.7,37.8
69.7,37.7
69.5,37.7
69.5,37.5
69.3,37.5
69.3,37.3
69.2,37.3
69.2,37.2
69.2,37.0
69.0,37.0
69.0,36.8
68.8,36.7
68.7,36.5
68.7,36.3
68.5,36.3
68.5,36.2
68.3,36.0
68.3,35.8
68.2,35.7
68.0,35.5
68.0,35.3
67.8,35.3
67.8,35.2
67.7,35.0
67.5,35.0
67.5,34.8
67.3,34.7
67.2,34.7
67.2,34.5
67.0,34.5
67.0,34.3
66.8,34.3
66.7,34.2
66.5,34.2
66.5,34.0
66.3,34.0
66.2,34.0
66.2,33.8
66.0,33.8
65.8,33.8
65.8,33.7
65.7,33.7
65.5,33.7
65.3,33.5
65.2,33.5
65.0,33.5
65.0,33.3
64.8,33.3
64.7,33.3
64.5,33.3
64.3,33.3
64.3,33.2
64.2,33.2
64.0,33.2
63.8,33.2
63.7,33.2
63.5,33.2
63.3,33.0
63.2,33.0
63.0,33.0
62.8,33.0
62.7,33.0
62.5,33.0
62.3,33.0
62.2,33.0
62.0,33.0
61.8,33.0
61.7,33.0
61.7,33.2
61.5,33.2
61.5,33.3
61.3,33.3
61.2,33.5
61.2,33.7
61.0,33.7
60.8,33.8
60.8,34.0
60.7,34.0
60.7,34.2
60.7,34.3
60.7,34.5
60.7,34.7
60.7,34.8
60.5,34.8
60.5,35.0
60.5,35.2
60.5,35.3
60.5,35.5
60.5,35.7
60.5,35.8
60.5,36.0
60.5,36.2
60.5,36.3
60.3,36.3
60.3,36.5
60.3,36.7
60.3,36.8
60.2,37.0
60.2,37.2
60.2,37.3
60.2,37.5
60.0,37.5
60.0,37.7
60.0,37.8
60.0,38.0
60.0,38.2
60.0,38.3
60.0,38.5
60.0,38.7
60.0,38.8
60.0,39.0
60.0,39.2
60.0,39.3
60.0,39.5
60.0,39.7
60.0,39.8
60.0,40.0
60.0,40.2
60.0,40.3
60.0,40.5
60.0,40.7
60.0,40.8
60.0,41.0
60.0,41.2
60.0,41.3
60.0,41.5
60.0,41.7
60.0,41.8
60.0,42.0
60.0,42.2
60.0,42.3
60.0,42.5
60.2,42.7
60.2,42.8
60.2,43.0
60.3,43.2
60.3,43.3
60.5,43.5
60.5,43.7
60.5,43.8
60.7,43.8
60.7,44.0
60.7,44.2
60.8,44.2
60.8,44.3
61.0,44.5
61.0,44.7
61.2,44.7
61.2,44.8
61.2,45.0
61.3,45.0
61.3,45.2
61.3,45.3
61.5,45.3
61.5,45.5
61.7,45.5
61.7,45.7
61.8,45.7
61.8,45.8
62.0,45.8
62.0,46.0
62.2,46.0
62.2,46.2
62.3,46.2
62.5,46.2
62.7,46.2
62.7,46.3
62.8,46.3
63.0,46.3
63.2,46.3
63.3,46.3
63.5,46.3
63.7,46.3
63.8,46.3
64.0,46.3
64.2,46.3
64.3,46.3
64.5,46.3
64.5,46.2
64.7,46.2
64.8,46.2
64.8,46.0
65.0,46.0
65.0,45.8
65.2,45.8
65.2,45.7
65.2,45.5
65.3,45.5
65.3,45.3
65.5,45.2
65.5,45.0
65.5,44.8
65.7,44.7
65.7,44.5
65.7,44.3
65.7,44.2
65.8,44.2
65.8,44.0
65.8,43.8
65.8,43.7
66.0,43.7
66.0,43.5
66.0,43.3
66.2,43.2
66.2,43.0
66.2,42.8
66.3,42.7
66.3,42.5
66.3,42.3
66.3,42.2
66.3,42.0
66.5,42.0
66.5,41.8
66.5,41.7
66.5,41.5
66.5,41.3
66.5,41.2
66.5,41.0
66.5,40.8
66.5,40.7
66.5,40.5
66.5,40.3
66.5,40.2
66.5,40.0
66.5,39.8
66.5,39.7
66.5,39.5
66.5,39.3
66.5,39.2
66.5,39.0
66.5,38.8
66.5,38.7
66.5,38.5
66.5,38.3
66.5,38.2
66.5,38.0
66.3,38.0
66.3,37.8
66.3,37.7
66.3,37.5
66.2,37.5
66.2,37.3
66.2,37.2
66.0,37.2
66.0,37.0
66.0,36.8
66.0,36.7
65.8,36.7
65.8,36.5
65.8,36.3
65.7,36.3
65.7,36.2
65.7,36.0
65.5,36.0
65.5,35.8
65.3,35.8
65.3,35.7
65.2,35.7
65.2,35.5
65.0,35.5
65.0,35.3
64.8,35.3
64.8,35.2
64.7,35.2
64.5,35.2
64.5,35.0
64.3,35.0
64.2,35.0
64.0,35.0
63.8,35.0
63.7,35.0
63.5,35.0
63.3,35.0
63.2,35.0
63.0,35.0
62.8,35.0
62.7,35.0
62.5,35.0
62.3,35.0
62.3,35.2
62.2,35.2
62.2,35.3
62.2,35.5
62.0,35.5
62.0,35.7
62.0,35.8
61.8,35.8
61.8,36.0
61.8,36.2
61.8,36.3
61.7,36.3
61.7,36.5
61.7,36.7
61.5,36.7
61.5,36.8
61.5,37.0
61.5,37.2
61.3,37.2
61.3,37.3
61.3,37.5
61.2,37.5
61.2,37.7
61.2,37.8
61.2,38.0
61.2,38.2
61.2,38.3
61.0,38.3
61.0,38.5
61.0,38.7
61.0,38.8
61.0,39.0
61.0,39.2
60.8,39.2
60.8,39.3
60.8,39.5
60.8,39.7
60.8,39.8
60.8,40.0
60.8,40.2
60.8,40.3
60.8,40.5
60.8,40.7
60.8,40.8
60.8,41.0
60.8,41.2
60.8,41.3
61.0,41.3
61.0,41.5
61.0,41.7
61.0,41.8
61.2,41.8
61.2,42.0
61.2,42.2
61.2,42.3
61.3,42.3
61.3,42.5
61.3,42.7
61.3,42.8
61.5,42.8
61.5,43.0
61.5,43.2
61.5,43.3
61.7,43.3
61.7,43.5
61.7,43.7
61.8,43.7
61.8,43.8
62.0,43.8
62.0,44.0
62.0,44.2
62.2,44.2
62.3,44.2
62.3,44.3
62.5,44.3
62.5,44.5
62.7,44.5
62.8,44.5
62.8,44.7
63.0,44.7
63.2,44.7
63.3,44.7
63.5,44.7
63.7,44.7
63.8,44.7
64.0,44.7
64.2,44.7
64.3,44.7
64.3,44.5
64.5,44.5
64.5,44.3
64.5,44.2
64.5,44.0
64.5,43.8
64.5,43.7
64.7,43.5
64.7,43.3
64.7,43.2
64.8,43.0
64.8,42.8
65.0,42.7
65.0,42.5
65.0,42.3
65.2,42.2
65.2,42.0
65.2,41.8
65.2,41.7
65.2,41.5
65.2,41.3
65.2,41.2
65.2,41.0
65.2,40.8
65.2,40.7
65.2,40.5
65.2,40.3
65.2,40.2
65.2,40.0
65.2,39.8
65.2,39.7
65.2,39.5
65.2,39.3
65.2,39.2
65.2,39.0
65.2,38.8
65.2,38.7
65.2,38.5
65.2,38.3
65.0,38.3
65.0,38.2
64.8,38.0
64.7,38.0
64.7,37.8
64.7,37.7
64.5,37.5
64.5,37.3
64.3,37.3
64.3,37.2
64.2,37.2
64.2,37.0
64.0,37.0
63.8,37.0
63.7,37.0
63.5,37.0
63.3,37.0
63.2,37.0
63.2,37.2
63.2,37.3
63.2,37.5
63.0,37.7
63.0,37.8
63.0,38.0
62.8,38.0
62.8,38.2
62.8,38.3
62.8,38.5
62.7,38.5
62.7,38.7
62.7,38.8
62.5,39.0
62.5,39.2
62.5,39.3
62.5,39.5
62.5,39.7
62.3,39.7
62.3,39.8
62.3,40.0
62.3,40.2
62.3,40.3
62.3,40.5
62.3,40.7
62.3,40.8
62.3,41.0
62.3,41.2
62.3,41.3
62.3,41.5
62.3,41.7
62.3,41.8
62.5,41.8
62.5,42.0
62.5,42.2
62.7,42.3
62.7,42.5
62.8,42.5
62.8,42.7
63.0,42.7
63.2,42.7
63.3,42.7
63.5,42.7
63.7,42.7
63.8,42.7
64.0,42.7
64.2,42.5
64.2,42.3
64.2,42.2
64.2,42.0
64.2,41.8
64.2,41.7
64.2,41.5
64.2,41.3
64.2,41.2
64.2,41.0
64.3,41.0
64.3,40.8
64.3,40.7
64.3,40.5
64.3,40.3
64.3,40.2
64.3,40.0
64.3,39.8
64.3,39.7
64.3,39.5
64.3,39.3
64.3,39.2
64.3,39.0
64.3,38.8
64.3,38.7
64.3,38.5
64.3,38.3
64.3,38.2
64.3,38.0
64.3,37.8
64.2,37.7
64.2,37.5
64.2,37.3
64.0,37.2
64.0,37.0
64.0,36.8
63.8,36.8
63.8,36.7
63.8,36.5
63.7,36.5
63.7,36.3
63.7,36.2
63.7,36.0
63.5,36.0
63.5,35.8
63.5,35.7
63.3,35.7
63.3,35.5
63.3,35.3
63.2,35.3
63.2,35.2
63.2,35.0
63.2,34.8
63.0,34.8
63.2,34.8
63.3,34.8
63.5,34.8
63.7,34.8
63.8,34.8
64.0,34.8
64.2,34.8
64.3,34.8
64.5,34.8
64.7,34.8
64.8,34.8
65.0,34.8
65.2,34.8
65.3,34.8
65.5,34.8
65.7,34.8
65.8,34.8
66.0,34.8
66.2,34.8
66.3,34.8
66.5,34.8
66.7,34.8
66.8,34.8
67.0,34.8
67.2,34.8
67.2,35.0
67.3,35.0
67.5,35.2
67.7,35.2
67.8,35.2
67.8,35.3
68.0,35.3
68.0,35.5
68.2,35.5
68.2,35.7
68.3,35.7
68.3,35.8
68.5,35.8
68.5,36.0
68.7,36.0
68.8,36.2
69.0,36.2
69.2,36.2
69.3,36.2
69.5,36.2
69.7,36.2
69.8,36.2
69.8,36.0
69.8,35.8
69.8,35.7
69.8,35.5
69.8,35.3
69.8,35.2
69.8,35.0
69.7,35.0
69.7,34.8
69.7,34.7
69.5,34.5
69.5,34.3
69.5,34.2
69.3,34.0
69.3,33.8
69.3,33.7
69.2,33.5
69.2,33.3
69.2,33.2
69.2,33.0
69.0,32.8
69.0,32.7
69.0,32.5
69.0,32.3
69.0,32.2
68.8,32.2
68.8,32.0
68.8,31.8
68.7,31.8
68.7,31.7
68.5,31.7
68.5,31.5
68.3,31.3
68.2,31.3
68.2,31.2
68.0,31.0
67.8,31.0
67.8,30.8
67.7,30.7
67.5,30.7
67.5,30.5
67.5,30.3
67.3,30.3
67.2,30.2
67.2,30.0
67.0,30.0
66.8,30.0
66.8,29.8
66.7,29.7
66.7,29.5
66.5,29.5
66.3,29.3
66.2,29.3
66.2,29.2
66.0,29.2
66.0,29.0
65.8,29.0
65.8,28.8
65.8,28.7
65.7,28.7
65.7,28.5
65.7,28.3
65.5,28.3
65.5,28.2
65.5,28.0
65.5,27.8
65.5,27.7
65.5,27.5
65.3,27.3
65.3,27.2
65.3,27.0
65.3,26.8
65.3,26.7
65.2,26.7
65.2,26.5
65.2,26.3
65.2,26.2
65.0,26.2
65.0,26.0
65.0,25.8
65.0,25.7
65.0,25.5
64.8,25.5
64.8,25.3
64.8,25.2
64.8,25.0
64.8,24.8
64.8,24.7
64.8,24.5
64.8,24.3
64.8,24.2
64.7,24.2
64.7,24.0
64.7,23.8
64.7,23.7
64.7,23.5
64.5,23.3
64.5,23.2
64.5,23.0
64.3,22.8
64.3,22.7
64.3,22.5
64.3,22.3
64.3,22.2
64.2,22.2
64.2,22.0
64.2,21.8
64.0,21.8
64.0,21.7
64.0,21.5
63.8,21.3
63.8,21.2
63.7,21.0
63.7,20.8
63.7,20.7
63.5,20.7
63.5,20.5
63.3,20.5
63.3,20.3
63.3,20.2
63.2,20.2
63.2,20.0
63.0,19.8
63.0,19.7
62.8,19.7
62.8,19.5
62.7,19.5
62.7,19.3
62.5,19.3
62.5,19.2
62.3,19.2
62.3,19.0
62.2,19.0
62.2,18.8
62.0,18.8
61.8,18.7
61.7,18.7
61.7,18.5
61.5,18.3
61.3,18.3
61.3,18.2
61.3,18.0
61.2,18.0
61.2,17.8
61.0,17.8
61.0,17.7
60.8,17.7
60.8,17.5
60.7,17.5
60.7,17.3
60.5,17.3
60.5,17.2
60.3,17.2
60.2,17.0
60.0,16.8
59.8,16.8
59.8,16.7
59.7,16.7
59.7,16.5
59.5,16.5
59.3,16.3
59.2,16.3
59.2,16.2
59.0,16.2
59.0,16.0
58.8,16.0
58.7,16.0
58.5,15.8
58.3,15.8
58.3,15.7
58.2,15.7
58.0,15.7
57.8,15.7
57.7,15.5
57.5,15.5
57.3,15.5
57.2,15.5
57.2,15.3
57.0,15.3
56.8,15.3
56.7,15.3
56.7,15.2
56.5,15.2
56.3,15.2
56.2,15.2
56.0,15.0
55.8,15.0
55.7,15.0
55.5,15.0
55.5,14.8
55.3,14.8
55.2,14.8
55.0,14.7
54.8,14.7
54.7,14.7
54.7,14.5
54.5,14.5
54.3,14.5
54.2,14.5
54.0,14.3
53.8,14.3
53.7,14.3
53.5,14.3
53.3,14.2
53.2,14.2
53.0,14.2
52.8,14.2
52.7,14.2
52.7,14.0
52.5,14.0
52.3,14.0
52.2,14.0
52.0,14.0
51.8,14.0
51.7,14.0
51.5,14.0
51.5,13.8
51.3,13.8
51.2,13.8
51.0,13.8
50.8,13.8
50.7,13.8
50.5,13.8
50.3,13.8
50.2,13.8
50.0,13.8
49.8,13.8
49.7,13.8
49.5,13.8
49.3,13.8
49.2,13.8
49.0,13.8
48.8,13.8
48.7,13.8
48.5,13.8
48.3,13.8
48.3,14.0
48.2,14.0
48.0,14.0
47.8,14.0
47.7,14.2
47.5,14.2
47.3,14.2
47.3,14.3
47.2,14.3
47.0,14.3
47.0,14.5
46.8,14.5
46.7,14.5
46.7,14.7
46.5,14.7
46.3,14.7
46.2,14.8
46.0,15.0
45.8,15.0
45.8,15.2
45.7,15.2
45.5,15.2
45.5,15.3
45.3,15.3
45.3,15.5
45.2,15.5
45.0,15.5
45.0,15.7
44.8,15.7
44.8,15.8
44.7,15.8
44.5,15.8
44.5,16.0
44.3,16.0
44.3,16.2
44.2,16.2
44.0,16.2
44.0,16.3
43.8,16.5
43.7,16.5
43.7,16.7
43.5,16.7
43.5,16.8
43.3,17.0
43.2,17.2
43.2,17.3
43.0,17.3
43.0,17.5
42.8,17.5
42.8,17.7
42.7,17.7
42.7,17.8
42.5,17.8
42.5,18.0
42.3,18.0
42.3,18.2
42.2,18.2
42.2,18.3
42.2,18.5
42.0,18.5
42.0,18.7
42.0,18.8
41.8,18.8
41.8,19.0
41.7,19.0
41.5,19.0
41.3,18.8
41.2,18.8
41.2,18.7
41.0,18.7
40.8,18.7
40.8,18.5
40.7,18.5
40.5,18.5
40.5,18.3
40.3,18.3
40.2,18.3
40.2,18.2
40.0,18.2
39.8,18.2
39.8,18.0
39.7,18.0
39.5,17.8
39.3,17.8
39.2,17.7
39.0,17.7
38.8,17.7
38.7,17.7
38.5,17.5
38.3,17.5
38.2,17.5
38.2,17.3
38.0,17.3
37.8,17.3
37.7,17.3
37.8,17.3
38.0,17.3
38.0,17.5
38.2,17.5
38.3,17.7
38.5,17.7
38.5,17.8
38.7,17.8
38.8,18.0
39.0,18.0
39.2,18.0
39.3,18.0
39.5,18.0
39.5,18.2
39.7,18.2
39.8,18.2
40.0,18.2
40.0,18.3
40.2,18.3
40.3,18.3
40.3,18.5
40.5,18.5
40.7,18.5
40.8,18.5
40.8,18.7
41.0,18.7
41.2,18.7
41.3,18.7
41.8,20.0
41.7,20.0
41.7,20.2
41.5,20.2
41.5,20.3
41.5,20.5
41.3,20.5
41.3,20.7
41.2,20.8
41.0,20.8
41.0,21.0
40.8,21.2
40.8,21.3
40.7,21.3
40.5,21.3
40.5,21.5
40.3,21.5
40.2,21.5
40.2,21.7
40.0,21.7
40.0,21.8
39.8,21.8
39.7,21.8
39.7,22.0
39.5,22.0
39.5,22.2
39.3,22.2
39.3,22.3
39.2,22.5
39.0,22.7
39.0,22.8
38.8,23.0
38.8,23.2
38.8,23.3
38.8,23.5
38.8,23.7
38.8,23.8
39.0,23.8
39.2,23.8
39.3,23.8
39.5,23.8
39.7,23.8
39.8,23.8
39.8,23.7
40.0,23.7
40.0,23.5
40.0,23.3
40.2,23.2
40.2,23.0
40.2,22.8
40.2,22.7
40.2,22.5
40.0,22.5
39.8,22.5
39.7,22.7
39.5,22.7
39.5,22.8
39.3,22.8
39.2,23.0
39.2,23.2
39.0,23.2
39.0,23.3
39.0,23.5
38.8,23.5
38.8,23.7
38.8,23.8
38.8,24.0
38.8,24.2
39.0,24.3
39.2,24.3
39.3,24.3
39.5,24.3
39.5,24.2
39.7,24.0
39.7,23.8
39.7,23.7
39.7,23.5
39.7,23.3
39.8,23.3
39.8,23.2
39.8,23.0
39.8,22.8
39.7,22.8
39.5,22.8
39.3,22.8
39.2,22.8
39.0,22.8
39.0,23.0
38.8,23.0
38.8,23.2
38.8,23.3
38.8,23.5
39.0,23.5
39.2,23.5
39.3,23.5
39.3,23.3
39.3,23.2
39.5,23.0
39.5,22.8
39.5,22.7
39.7,22.7
39.8,22.7
40.0,22.7
40.2,22.7
40.3,22.7
40.5,22.7
40.7,22.7
40.8,22.7
41.0,22.7
41.2,22.7
41.3,22.7