28.2,23.5
28.3,23.5
28.3,23.7
28.5,23.7
28.5,23.8
28.5,24.0
28.7,24.0
28.7,24.2
28.7,24.3
28.7,24.5
28.8,24.5
28.8,24.7
28.8,24.8
28.8,25.0
28.8,25.2
28.8,25.3
29.0,25.3
29.0,25.5
29.0,25.7
29.0,25.8
29.0,26.0
29.0,26.2
29.0,26.3
29.2,26.3
29.2,26.5
29.2,26.7
29.2,26.8
29.2,27.0
29.2,27.2
29.2,27.3
29.2,27.5
29.2,27.7
29.3,27.7
29.3,27.8
29.3,28.0
29.3,28.2
29.3,28.3
29.3,28.5
29.3,28.7
29.3,28.8
29.3,29.0
29.3,29.2
29.3,29.3
29.3,29.5
29.3,29.7
29.3,29.8
29.3,30.0
29.3,30.2
29.3,30.3
29.3,30.5
29.3,30.7
29.3,30.8
29.3,31.0
29.3,31.2
29.3,31.3
29.3,31.5
29.3,31.7
29.3,31.8
29.3,32.0
29.3,32.2
29.3,32.3
29.3,32.5
29.3,32.7
29.3,32.8
29.3,33.0
29.3,33.2
29.3,33.3
29.3,33.5
29.3,33.7
29.3,33.8
29.3,34.0
29.3,34.2
29.3,34.3
29.2,34.3
29.2,34.5
29.2,34.7
29.2,34.8
29.2,35.0
29.2,35.2
29.2,35.3
29.2,35.5
29.0,35.5
29.0,35.7
29.0,35.8
29.0,36.0
29.0,36.2
29.0,36.3
28.8,36.5
28.8,36.7
28.8,36.8
28.8,37.0
28.8,37.2
28.7,37.2
28.7,37.3
28.7,37.5
28.7,37.7
28.5,37.7
28.5,37.8
28.5,38.0
28.5,38.2
28.3,38.2
28.3,38.3
28.3,38.5
28.2,38.5
28.2,38.7
28.2,38.8
28.0,39.0
28.0,39.2
27.8,39.2
27.8,39.3
27.8,39.5
27.7,39.7
27.7,39.8
27.5,39.8
27.5,40.0
27.5,40.2
27.3,40.2
27.3,40.3
27.2,40.3
27.2,40.5
27.0,40.7
26.8,40.8
26.8,41.0
26.7,41.0
26.7,41.2
26.5,41.2
26.5,41.3
26.3,41.3
26.3,41.5
26.2,41.5
26.2,41.7
26.0,41.7
25.8,41.7
25.8,41.8
25.7,42.0
25.5,42.2
25.3,42.3
25.2,42.3
25.2,42.5
25.0,42.5
25.0,42.7
24.8,42.7
24.8,42.8
24.7,42.8
24.7,43.0
24.5,43.0
24.3,43.0
24.3,43.2
24.2,43.2
24.0,43.2
24.0,43.3
23.8,43.3
23.7,43.3
23.7,43.5
23.5,43.5
23.3,43.5
23.3,43.7
23.2,43.7
23.0,43.7
22.8,43.7
22.7,43.7
22.7,43.8
22.5,43.8
22.3,43.8
22.2,43.8
22.0,43.8
21.8,43.8
21.7,43.8
21.5,43.8
21.3,43.8
21.2,43.8
21.0,43.8
20.8,43.8
20.7,43.8
20.5,43.8
20.3,43.8
20.2,43.7
20.0,43.7
20.0,43.5
19.8,43.5
19.8,43.3
19.7,43.3
19.7,43.2
19.5,43.2
19.3,43.2
19.3,43.0
19.2,43.0
19.2,42.8
19.0,42.8
19.0,42.7
18.8,42.7
18.8,42.5
18.7,42.5
18.7,42.3
18.5,42.2
18.3,42.2
18.3,42.0
18.2,41.8
18.2,41.7
18.0,41.7
18.0,41.5
17.8,41.5
17.8,41.3
17.7,41.3
17.7,41.2
17.5,41.2
17.5,41.0
17.5,40.8
17.3,40.8
17.3,40.7
17.2,40.7
17.2,40.5
17.2,40.3
17.0,40.3
17.0,40.2
17.0,40.0
16.8,40.0
16.8,39.8
16.8,39.7
16.7,39.7
16.7,39.5
16.7,39.3
16.5,39.3
16.5,39.2
16.5,39.0
16.3,38.8
16.3,38.7
16.3,38.5
16.2,38.3
16.2,38.2
16.2,38.0
16.0,38.0
16.0,37.8
16.0,37.7
16.0,37.5
16.0,37.3
15.8,37.2
15.8,37.0
15.8,36.8
15.8,36.7
15.8,36.5
15.8,36.3
15.7,36.3
15.7,36.2
15.7,36.0
15.7,35.8
15.7,35.7
15.7,35.5
15.7,35.3
15.7,35.2
15.7,35.0
15.7,34.8
15.5,34.8
15.5,34.7
15.5,34.5
15.5,34.3
15.5,34.2
15.5,34.0
15.5,33.8
15.5,33.7
15.5,33.5
15.5,33.3
15.5,33.2
15.3,33.2
15.2,33.2
15.0,33.2
14.8,33.2
14.7,33.2
14.5,33.2
14.3,33.2
14.2,33.2
14.0,33.2
13.8,33.2
13.7,33.2
13.5,33.2
13.3,33.2
13.2,33.3
13.0,33.3
12.8,33.3
12.7,33.3
12.7,33.5
12.5,33.5
12.3,33.5
12.2,33.5
12.0,33.5
11.8,33.5
11.8,33.7
11.7,33.7
11.5,33.7
11.3,33.7
11.2,33.7
11.0,33.7
10.8,33.8
10.7,33.8
10.5,33.8
10.3,33.8
10.2,33.8
10.0,33.8
9.8,33.8
9.8,34.0
9.8,34.2
9.7,34.2
9.7,34.3
9.5,34.3
9.5,34.5
9.5,34.7
9.5,34.8
9.5,35.0
9.3,35.0
9.3,35.2
9.3,35.3
9.3,35.5
9.2,35.7
9.2,35.8
9.2,36.0
9.2,36.2
9.2,36.3
9.2,36.5
9.2,36.7
9.2,36.8
9.2,37.0
9.0,37.0
9.0,37.2
9.0,37.3
9.0,37.5
9.0,37.7
9.0,37.8
9.0,38.0
9.0,38.2
9.0,38.3
9.0,38.5
9.0,38.7
9.2,38.8
9.2,39.0
9.3,39.2
9.3,39.3
9.5,39.3
9.5,39.5
9.7,39.7
9.8,39.7
10.0,39.7
10.2,39.7
10.3,39.7
10.3,39.5
10.3,39.3
10.5,39.3
10.5,39.2
10.7,39.2
10.7,39.0
10.7,38.8
10.7,38.7
10.7,38.5
10.7,38.3
10.7,38.2
10.7,38.0
10.7,37.8
10.7,37.7
10.7,37.5
10.7,37.3
10.7,37.2
10.7,37.0
10.7,36.8
10.7,36.7
10.7,36.5
10.7,36.3
10.7,36.2
10.7,36.0
10.7,35.8
10.7,35.7
10.7,35.5
10.7,35.3
10.7,35.2
10.7,35.0
10.7,34.8
10.7,34.7
10.7,34.5
10.7,34.3
10.5,34.3
10.5,34.2
10.3,34.2
10.2,34.2
10.2,34.3
10.2,34.5
10.0,34.7
10.0,34.8
10.2,34.8
10.2,34.7
10.3,34.7
10.3,34.5
10.5,34.5
10.7,34.5
10.7,34.3
10.8,34.3
10.8,34.2
11.0,34.2
11.2,34.2
11.3,34.2
11.3,34.0
11.5,34.0
11.7,34.0
11.7,33.8
11.8,33.8
12.0,33.8
12.2,33.8
12.2,33.7
12.3,33.7
12.5,33.7
12.7,33.5
12.8,33.5
13.0,33.5
13.2,33.5
13.2,33.3
13.3,33.3
13.5,33.3
13.7,33.3
13.8,33.3
14.0,33.3
14.0,33.2
14.2,33.2
14.3,33.2
14.5,33.2
14.7,33.2
14.7,33.0
14.8,33.0
15.0,33.0
15.2,33.0
15.2,32.8
15.3,32.8
15.3,32.7
15.5,32.7
15.5,32.5
15.7,32.5
15.7,32.3
15.7,32.2
15.8,32.2
15.8,32.0
15.8,31.8
15.8,31.7
15.8,31.5
15.8,31.3
15.8,31.2
15.8,31.0
15.8,30.8
15.8,30.7
15.8,30.5
15.8,30.3
15.8,30.2
15.8,30.0
15.8,29.8
16.0,29.8
16.0,29.7
16.0,29.5
16.0,29.3
16.0,29.2
16.0,29.0
16.0,28.8
16.0,28.7
16.2,28.5
16.2,28.3
16.2,28.2
16.2,28.0
16.2,27.8
16.3,27.8
16.3,27.7
16.3,27.5
16.3,27.3
16.5,27.3
16.5,27.2
16.5,27.0
16.5,26.8
16.7,26.8
16.7,26.7
16.7,26.5
16.8,26.3
16.8,26.2
17.0,26.0
17.0,25.8
17.0,25.7
17.2,25.7
17.2,25.5
17.2,25.3
17.3,25.3
17.3,25.2
17.5,25.2
17.5,25.0
17.7,25.0
17.7,24.8
17.8,24.8
17.8,24.7
17.8,24.5
18.0,24.5
18.0,24.3
18.2,24.3
18.2,24.2
18.2,24.0
18.3,24.0
18.5,23.8
18.5,23.7
18.7,23.7
18.7,23.5
18.8,23.5
18.8,23.3
19.0,23.2
19.0,23.0
19.2,23.0
19.2,22.8
19.3,22.8
19.3,22.7
19.5,22.7
19.5,22.5
19.5,22.2
19.5,21.8
19.5,21.7
19.5,21.3
19.5,21.2
19.5,21.0
19.5,20.8
19.5,20.7
19.5,20.5
19.5,20.3
19.5,20.2
19.5,20.0
19.5,19.8
19.5,19.7
19.5,19.5
19.5,19.3
19.5,19.2
19.5,19.0
19.5,18.8
19.7,18.7
19.7,18.5
19.7,18.3
19.7,18.2
19.7,18.0
19.7,17.8
19.7,17.7
19.7,17.5
19.7,17.3
19.8,17.3
19.8,17.2
19.8,17.0
19.8,16.8
19.8,16.7
19.8,16.5
20.0,16.5
20.0,16.3
20.0,16.2
20.0,16.0
20.0,15.8
20.0,15.7
20.0,15.5
20.2,15.3
20.2,15.2
20.3,15.0
20.3,14.8
20.3,14.7
20.3,14.5
20.3,14.3
20.5,14.3
20.5,14.2
20.5,14.0
20.5,13.8
20.5,13.7
20.7,13.7
20.7,13.5
20.8,13.5
20.8,13.3
20.8,13.2
21.0,13.2
21.0,13.0
21.2,12.8
21.2,12.7
21.2,12.5
21.3,12.5
21.3,12.3
21.3,12.2
21.5,12.2
21.5,12.0
21.5,11.8
21.7,11.8
21.7,11.7
21.8,11.7
21.8,11.5
22.0,11.3
22.0,11.2
22.2,11.2
22.2,11.0
22.3,10.8
22.3,10.7
22.5,10.7
22.5,10.5
22.5,10.3
22.7,10.3
22.7,10.2
22.8,10.2
22.8,10.0
23.0,10.0
23.0,9.8
23.2,9.8
23.2,9.7
23.3,9.5
23.5,9.5
23.5,9.3
23.5,9.2
23.7,9.2
23.7,9.0
23.8,9.0
24.0,9.0
24.0,8.8
24.0,8.7
24.2,8.7
24.3,8.5
24.5,8.5
24.5,8.3
24.7,8.3
24.7,8.2
24.8,8.2
24.8,8.0
25.0,8.0
25.2,7.8
25.3,7.8
25.3,7.7
25.5,7.7
25.7,7.5
25.8,7.5
25.8,7.3
26.0,7.3
26.2,7.3
26.2,7.2
26.3,7.2
26.3,7.0
26.5,7.0
26.7,7.0
26.7,6.8
26.8,6.8
27.0,6.7
27.2,6.7
27.3,6.5
27.5,6.5
27.5,6.3
27.7,6.3
27.8,6.3
27.8,6.2
28.0,6.2
28.2,6.2
28.3,6.0
28.3,5.8
28.5,5.8
28.7,5.8
28.7,5.7
28.8,5.7
29.0,5.5
29.2,5.5
29.2,5.3
29.3,5.3
29.5,5.3
29.5,5.2
29.7,5.2
29.8,5.0
30.0,5.0
30.2,4.8
30.3,4.7
30.5,4.7
30.7,4.7
30.7,4.5
30.8,4.5
31.0,4.3
31.2,4.3
31.3,4.3
31.3,4.2
31.5,4.2
31.7,4.0
31.8,4.0
31.8,3.8
32.0,3.8
32.2,3.8
32.2,3.7
32.3,3.7
32.5,3.7
32.7,3.7
32.7,3.5
32.8,3.5
33.0,3.5
33.2,3.3
33.3,3.3
33.5,3.3
33.7,3.2
33.8,3.2
34.0,3.2
34.2,3.2
34.3,3.2
34.3,3.0
34.5,3.0
34.7,3.0
34.8,3.0
35.0,3.0
35.2,2.8
35.3,2.8
35.5,2.8
35.7,2.8
35.8,2.8
36.0,2.8
36.2,2.8
36.2,2.7
36.3,2.7
36.5,2.7
36.7,2.7
36.8,2.7
37.0,2.7
37.2,2.7
37.3,2.7
37.5,2.7
37.7,2.7
37.8,2.7
38.0,2.7
38.2,2.7
38.3,2.7
38.5,2.7
38.7,2.7
38.8,2.7
39.0,2.7
39.2,2.7
39.3,2.7
39.5,2.7
39.7,2.7
39.8,2.7
40.0,2.7
40.2,2.7
40.3,2.7
40.5,2.7
40.7,2.7
40.8,2.7
41.0,2.7
41.2,2.7
41.3,2.7
41.5,2.7
41.7,2.7
41.8,2.8
42.0,2.8
42.2,2.8
42.3,2.8
42.5,3.0
42.7,3.0
42.8,3.0
43.0,3.0
43.0,3.2
43.2,3.2
43.3,3.2
43.5,3.3
43.7,3.3
43.8,3.3
44.0,3.5
44.2,3.5
44.2,3.7
44.3,3.7
44.5,3.7
44.7,3.7
44.7,3.8
44.8,3.8
45.0,3.8
45.2,3.8
45.2,4.0
45.3,4.0
45.5,4.2
45.7,4.2
45.7,4.3
45.8,4.3
46.0,4.5
46.2,4.5
46.2,4.7
46.3,4.7
46.5,4.7
46.5,4.8
46.7,4.8
46.8,5.0
47.0,5.0
47.0,5.2
47.2,5.2
47.3,5.2
47.3,5.3
47.5,5.3
47.7,5.3
47.7,5.2
47.8,5.0
47.8,4.8
48.0,4.8
48.0,4.7
48.2,4.7
48.2,4.5
48.3,4.5
48.3,4.3
48.5,4.3
48.5,4.2
48.7,4.2
48.7,4.0
48.8,4.0
49.0,4.0
49.0,3.8
49.2,3.8
49.3,3.8
49.3,3.7
49.5,3.7
49.7,3.7
49.7,3.5
49.8,3.5
50.0,3.5
50.0,3.3
50.2,3.3
50.3,3.3
50.3,3.2
50.5,3.2
50.7,3.2
50.8,3.2
50.8,3.0
51.0,3.0
51.2,3.0
51.3,3.0
51.5,3.0
51.7,3.0
51.8,3.0
52.0,3.0
52.2,3.0
52.3,3.0
52.3,3.2
52.3,3.3
52.3,3.5
52.3,3.7
52.3,3.8
52.3,4.0
52.5,4.2
52.5,4.3
52.5,4.5
52.5,4.7
52.7,4.7
52.7,4.8
52.7,5.0
52.7,5.2
52.7,5.3
52.7,5.5
52.7,5.7
52.7,5.8
52.7,6.0
52.8,6.0
52.8,6.2
52.8,6.3
52.8,6.5
52.8,6.7
52.8,6.8
52.8,7.0
52.8,7.2
52.8,7.3
52.8,7.5
52.8,7.7
52.8,7.8
52.8,8.0
52.8,8.2
52.8,8.3
52.8,8.5
52.8,8.7
52.8,8.8
53.0,8.8
53.0,9.0
53.0,9.2
53.0,9.3
53.0,9.5
53.0,9.7
53.0,9.8
53.0,10.0
53.0,10.2
53.2,10.2
53.2,10.3
53.2,10.5
53.2,10.7
53.2,10.8
53.2,11.0
53.2,11.2
53.2,11.3
53.2,11.5
53.2,11.7
53.2,11.8
53.2,12.0
53.2,12.2
53.3,12.2
53.3,12.3
53.3,12.5
53.3,12.7
53.3,12.8
53.3,13.0
53.3,13.2
53.3,13.3
53.3,13.5
53.3,13.7
53.3,13.8
53.3,14.0
53.3,14.2
53.3,14.3
53.3,14.5
53.3,14.7
53.3,14.8
53.3,15.0
53.3,15.2
53.3,15.3
53.3,15.5
53.3,15.7
53.3,15.8
53.3,16.0
53.2,16.2
53.2,16.3
53.2,16.5
53.0,16.7
53.0,16.8
52.8,17.0
52.8,17.2
52.8,17.3
52.7,17.3
52.7,17.5
52.7,17.7
52.7,17.8
52.5,17.8
52.5,18.0
52.5,18.2
52.3,18.2
52.3,18.3
52.3,18.5
52.2,18.5
52.0,18.5
52.0,18.7
51.8,18.7
51.7,18.7
51.5,18.7
51.3,18.7
51.2,18.7
51.0,18.8
50.8,18.8
50.7,18.8
50.5,18.8
50.3,18.8
50.2,18.8
50.0,18.8
49.8,18.8
49.7,18.8
49.7,18.7
49.5,18.7
49.3,18.7
49.3,18.5
49.2,18.5
49.2,18.3
49.0,18.3
49.0,18.2
48.8,18.0
48.8,17.8
48.7,17.7
48.7,17.5
48.5,17.5
48.5,17.3
48.3,17.3
48.3,17.2
48.3,17.0
48.3,16.8
48.2,16.8
48.2,16.7
48.2,16.5
48.2,16.3
48.2,16.2
48.0,16.2
48.0,16.0
48.0,15.8
48.0,15.7
47.8,15.7
47.8,15.5
47.8,15.3
47.8,15.2
47.8,15.0
47.8,14.8
47.7,14.8
47.7,14.7
47.7,14.5
47.7,14.3
47.7,14.2
47.7,14.0
47.5,14.0
47.5,13.8
47.5,13.7
47.5,13.5
47.5,13.3
47.5,13.2
47.5,13.0
47.5,12.8
47.5,12.7
47.5,12.5
47.5,12.3
47.5,12.2
47.5,12.0
47.5,11.8
47.5,11.7
47.5,11.5
47.5,11.3
47.5,11.2
47.5,11.0
47.5,10.8
47.5,10.7
47.5,10.5
47.5,10.3
47.5,10.2
47.5,10.0
47.5,9.8
47.5,9.7
47.5,9.5
47.5,9.3
47.5,9.2
47.5,9.0
47.5,8.8
47.5,8.7
47.5,8.5
47.5,8.3
47.5,8.2
47.5,8.0
47.5,7.8
47.5,7.7
47.5,7.5
47.5,7.3
47.5,7.2
47.5,7.0
47.7,7.0
47.7,6.8
47.7,6.7
47.7,6.5
47.8,6.5
47.8,6.3
48.0,6.3
48.0,6.2
48.2,6.2
48.3,6.2
48.5,6.2
48.7,6.0
48.8,6.0
49.0,6.0
49.2,6.0
49.3,6.0
49.5,6.0
49.7,6.0
49.8,6.0
50.0,6.0
50.2,6.0
50.2,6.2
50.3,6.2
50.5,6.2
50.5,6.3
50.7,6.3
50.7,6.5
50.8,6.5
50.8,6.7
51.0,6.7
51.0,6.8
51.0,7.0
51.2,7.0
51.2,7.2
51.3,7.2
51.3,7.3
51.3,7.5
51.5,7.5
51.5,7.7
51.5,7.8
51.7,7.8
51.7,8.0
51.7,8.2
51.7,8.3
51.8,8.3
51.8,8.5
51.8,8.7
52.0,8.8
52.0,9.0
52.0,9.2
52.0,9.3
52.0,9.5
52.0,9.7
52.2,9.8
52.2,10.0
52.2,10.2
52.2,10.5
52.2,10.7
52.2,11.0
52.2,11.2
52.2,11.3
52.2,11.5
52.2,11.7
52.2,12.0
52.2,12.2
52.2,12.3
52.2,12.5
52.2,12.7
52.2,12.8
52.2,13.0
52.2,13.2
52.2,13.3
52.2,13.5
52.2,13.7
52.2,13.8
52.2,14.0
52.2,14.2
52.2,14.3
52.2,14.5
52.2,14.7
52.2,14.8
52.2,15.0
52.2,15.2
52.0,15.3
52.0,15.5
52.0,15.7
52.0,15.8
52.0,16.0
51.8,16.2
51.8,16.3
51.8,16.5
51.8,16.7
51.8,16.8
51.7,16.8
51.7,17.0
51.7,17.2
51.5,17.2
51.5,17.3
51.3,17.3
51.2,17.3
51.0,17.3
51.0,17.5
50.8,17.5
50.7,17.5
50.5,17.5
50.3,17.5
50.2,17.5
50.2,17.3
50.0,17.2
49.8,17.0
49.8,16.8
49.7,16.7
49.7,16.5
49.5,16.3
49.5,16.2
49.5,16.0
49.3,16.0
49.3,15.8
49.3,15.7
49.3,15.5
49.3,15.3
49.2,15.3
49.2,15.2
49.2,15.0
49.2,14.8
49.2,14.7
49.0,14.7
49.0,14.5
49.0,14.3
49.0,14.2
49.0,14.0
49.0,13.8
48.8,13.8
48.8,13.7
48.8,13.5
48.8,13.3
48.8,13.2
48.8,13.0
48.8,12.8
48.7,12.7
48.7,12.5
48.7,12.3
48.7,12.2
48.7,12.0
48.7,11.8
48.7,11.7
48.7,11.5
48.7,11.3
48.7,11.2
48.7,11.0
48.7,10.8
48.7,10.7
48.7,10.5
48.7,10.3
48.7,10.2
48.7,10.0
48.7,9.8
48.7,9.7
48.7,9.5
48.7,9.3
48.7,9.2
48.7,9.0
48.7,8.8
48.7,8.7
48.7,8.5
48.7,8.3
48.7,8.2
48.7,8.0
48.7,7.8
48.7,7.7
48.8,7.7
48.8,7.5
49.0,7.5
49.2,7.5
49.3,7.5
49.5,7.5
49.5,7.7
49.7,7.7
49.8,7.7
49.8,7.8
50.0,7.8
50.0,8.0
50.2,8.0
50.2,8.2
50.3,8.2
50.3,8.3
50.3,8.5
50.3,8.7
50.5,8.8
50.5,9.0
50.7,9.2
50.7,9.3
50.7,9.5
50.7,9.7
50.8,9.8
50.8,10.0
50.8,10.2
50.8,10.3
51.0,10.3
51.0,10.5
51.0,10.7
51.0,10.8
51.0,11.0
51.0,11.2
51.0,11.3
51.0,11.5
51.0,11.7
51.0,11.8
51.0,12.0
51.0,12.2
51.0,12.3
51.0,12.5
51.0,12.7
51.0,12.8
51.0,13.0
51.0,13.2
51.0,13.3
51.0,13.5
51.0,13.7
51.0,13.8
51.0,14.0
51.0,14.2
51.0,14.3
51.0,14.5
51.0,14.7
51.0,14.8
51.0,15.0
51.0,15.2
51.0,15.3
50.8,15.3
50.8,15.5
50.7,15.5
50.5,15.5
50.3,15.5
50.3,15.3
50.3,15.2
50.3,15.0
50.2,15.0
50.2,14.8
50.2,14.7
50.0,14.7
50.0,14.5
50.0,14.3
50.0,14.2
49.8,14.2
49.8,14.0
49.8,13.8
49.8,13.7
49.8,13.5
49.8,13.3
49.8,13.2
49.8,13.0
49.8,12.8
49.7,12.7
49.7,12.5
49.7,12.3
49.7,12.2
49.7,12.0
49.7,11.8
49.7,11.7
49.7,11.5
49.7,11.3
49.7,11.2
49.7,11.0
49.7,10.8
49.7,10.7
49.7,10.5
49.7,10.3
49.7,10.2
49.8,10.2
50.0,10.2
50.0,10.3
50.0,10.5
50.0,10.7
50.0,10.8
50.0,11.0
50.0,11.2
49.8,11.2
49.7,11.2
49.5,11.3
49.3,11.3
49.3,11.5
49.2,11.5
49.2,11.7
49.0,11.7
49.0,11.8
48.8,11.8
48.8,12.0
48.7,12.0
48.7,12.2
48.5,12.2
48.5,12.3
48.3,12.3
48.3,12.5
48.2,12.5
48.2,12.7
48.0,12.7
48.0,12.8
47.8,12.8
47.8,13.0
47.7,13.0
47.7,13.2
47.7,13.3
47.5,13.3
47.3,13.5
47.3,13.7
47.2,13.7
47.0,13.8
47.0,14.0
46.8,14.0
46.8,14.2
46.7,14.2
46.7,14.3
46.5,14.3
46.5,14.5
46.3,14.5
46.3,14.7
46.2,14.7
46.0,14.8
45.8,15.0
45.7,15.2
45.5,15.3
45.3,15.3
45.3,15.5
45.2,15.7
45.0,15.7
45.0,15.8
45.0,16.0
44.8,16.0
44.7,16.2
44.5,16.3
44.3,16.3
44.3,16.5
44.3,16.7
44.2,16.7
44.0,16.7
44.0,16.8
43.8,16.8
43.8,17.0
43.7,17.0
43.7,17.2
43.5,17.2
43.5,17.3
43.3,17.3
43.3,17.5
43.2,17.5
43.2,17.7
43.0,17.8
42.8,17.8
42.8,18.0
42.8,18.2
42.7,18.2
42.5,18.3
42.5,18.5
42.3,18.5
42.3,18.7
42.2,18.7
42.2,18.8
42.0,19.0
41.8,19.2
41.8,19.3
41.7,19.3
41.7,19.5
41.5,19.5
41.5,19.7
41.3,19.7
41.3,19.8
41.2,19.8
41.2,20.0
41.0,20.2
40.8,20.2
40.8,20.3
40.7,20.3
40.5,20.5
40.3,20.5
40.3,20.7
40.2,20.7
40.2,20.8
40.0,20.8
39.8,20.8
39.8,21.0
39.7,21.2
39.5,21.2
39.5,21.3
39.3,21.3
39.2,21.5
39.0,21.5
39.0,21.7
38.8,21.7
38.7,21.8
38.5,22.0
38.5,22.2
38.3,22.2
38.3,22.3
38.2,22.3
38.2,22.5
38.0,22.5
38.0,22.7
37.8,22.7
37.7,22.7
37.7,22.8
37.5,22.8
37.5,23.0
37.3,23.0
37.2,23.2
37.0,23.2
37.0,23.3
36.8,23.3
36.8,23.5
36.7,23.5
36.5,23.5
36.5,23.7
36.3,23.7
36.3,23.8
36.2,23.8
36.0,23.8
35.8,24.0
35.7,24.0
35.7,24.2
35.5,24.2
35.3,24.2
35.3,24.3
35.2,24.3
35.0,24.3
35.0,24.5
34.8,24.5
34.7,24.7
34.5,24.7
34.3,24.7
34.3,24.8
34.2,24.8
34.0,25.0
33.8,25.0
33.8,25.2
33.7,25.2
33.5,25.3
33.3,25.3
33.3,25.5
33.2,25.5
33.0,25.7
32.8,25.7
32.7,25.7
32.7,25.8
32.5,25.8
32.3,26.0
32.2,26.0
32.2,26.2
32.0,26.2
31.8,26.2
31.7,26.2
31.7,26.3
31.5,26.3
31.5,26.5
31.3,26.5
31.2,26.5
31.2,26.7
31.0,26.7
30.8,26.7
30.8,26.8
30.7,26.8
30.5,26.8
30.5,27.0
30.3,27.0
30.2,27.0
30.0,27.0
29.8,27.0
29.8,27.2
29.7,27.2
29.5,27.2
29.3,27.2
29.3,27.3
29.2,27.3
29.0,27.3
29.0,27.5
28.8,27.5
28.7,27.5
28.7,27.7
28.5,27.7
28.3,27.7
28.2,27.8
28.0,27.8
28.0,28.0
27.8,28.0
27.7,28.0
27.7,28.2
27.5,28.2
27.3,28.2
27.2,28.2
27.2,28.0
27.0,28.0
27.0,27.8
26.8,27.8
26.8,27.7
26.7,27.7
26.5,27.5
26.3,27.5
26.3,27.3
26.2,27.2
26.2,27.0
26.0,27.0
26.0,26.8
26.0,26.7
25.8,26.7
25.8,26.5
25.8,26.3
25.7,26.3
25.7,26.2
25.7,26.0
25.5,26.0
25.3,26.0
25.3,25.8
25.2,25.8
25.0,25.8
24.8,25.8
24.7,25.8
24.5,25.8
24.5,25.7
24.3,25.7
24.2,25.7
24.0,25.7
23.8,25.7
23.7,25.7
23.5,25.7
23.3,25.7
23.2,25.7
23.0,25.7
22.8,25.7
22.8,25.8
22.7,25.8
22.5,25.8
22.5,26.0
22.3,26.0
22.3,26.2
22.2,26.2
22.2,26.3
22.0,26.3
22.0,26.5
21.8,26.5
21.8,26.7
21.7,26.7
21.7,26.8
21.5,26.8
21.5,27.0
21.3,27.0
21.3,27.2
21.2,27.3
21.2,27.5
21.0,27.5
21.0,27.7
20.8,27.7
20.8,27.8
20.8,28.0
20.7,28.0
20.7,28.2
20.5,28.3
20.5,28.5
20.5,28.7
20.3,28.8
20.3,29.0
20.3,29.2
20.2,29.2
20.2,29.3
20.2,29.5
20.2,29.7
20.2,29.8
20.2,30.0
20.0,30.0
20.0,30.2
20.0,30.3
20.0,30.5
19.8,30.5
19.8,30.7
19.8,30.8
19.8,31.0
19.8,31.2
19.8,31.3
19.7,31.3
19.7,31.5
19.7,31.7
19.7,31.8
19.7,32.0
19.7,32.2
19.7,32.3
19.7,32.5
19.5,32.5
19.5,32.7
19.5,32.8
19.5,33.0
19.5,33.2
19.5,33.3
19.5,33.5
19.5,33.7
19.5,33.8
19.5,34.0
19.5,34.2
19.5,34.3
19.5,34.5
19.5,34.7
19.5,34.8
19.5,35.0
19.5,35.2
19.5,35.3
19.5,35.5
19.5,35.7
19.5,35.8
19.5,36.0
19.5,36.2
19.7,36.2
19.7,36.3
19.7,36.5
19.7,36.7
19.7,36.8
19.7,37.0
19.8,37.0
19.8,37.2
19.8,37.3
20.0,37.3
20.0,37.5
20.0,37.7
20.2,37.7
20.2,37.8
20.2,38.0
20.3,38.0
20.3,38.2
20.3,38.3
20.5,38.3
20.5,38.5
20.7,38.5
20.7,38.7
20.7,38.8
20.8,38.8
20.8,39.0
20.8,39.2
21.0,39.2
21.0,39.3
21.2,39.3
21.2,39.5
21.3,39.5
21.3,39.7
21.5,39.7
21.5,39.8
21.7,39.8
21.8,39.8
21.8,40.0
22.0,40.0
22.2,40.0
22.3,40.0
22.5,40.0
22.7,40.0
22.7,39.8
22.8,39.7
22.8,39.5
23.0,39.5
23.0,39.3
23.2,39.2
23.2,39.0
23.3,38.8
23.3,38.7
23.5,38.7
23.5,38.5
23.5,38.3
23.7,38.2
23.7,38.0
23.7,37.8
23.8,37.7
23.8,37.5
23.8,37.3
24.0,37.2
24.0,37.0
24.2,36.8
24.2,36.7
24.2,36.5
24.2,36.3
24.3,36.3
24.5,36.0
24.5,35.8
24.5,35.7
24.5,35.5
24.7,35.3
24.7,35.2
24.7,35.0
24.8,35.0
24.8,34.8
24.8,34.7
24.8,34.5
24.8,34.3
24.8,34.2
25.0,34.0
25.0,33.8
25.0,33.7
25.0,33.5
25.0,33.3
25.0,33.2
25.0,33.0
25.0,32.7
25.2,32.7
25.2,32.5
25.2,32.3
25.2,32.2
25.2,32.0
25.2,31.8
25.2,31.7
25.2,31.5
25.2,31.3
25.2,31.2
25.2,31.0
25.2,30.8
25.2,30.7
25.2,30.5
25.2,30.3
25.2,30.2
25.2,30.0
25.2,29.8
25.2,29.7
25.2,29.5
25.2,29.3
25.2,29.2
25.2,29.0
25.2,28.8
25.2,28.7
25.2,28.5
25.2,28.3
25.2,28.2
25.2,28.0
25.2,27.8
25.0,27.8
25.0,27.7
25.0,27.5
25.0,27.3
24.8,27.3
24.8,27.2
24.7,27.2
24.7,27.0
24.5,27.0
24.3,27.0
24.2,27.0
24.0,27.0
23.8,27.0
23.7,27.0
23.5,27.0
23.5,27.2
23.3,27.2
23.3,27.3
23.2,27.3
23.2,27.5
23.0,27.5
23.0,27.7
22.8,27.7
22.8,27.8
22.7,27.8
22.5,28.0
22.5,28.2
22.3,28.2
22.3,28.3
22.2,28.5
22.2,28.7
22.0,28.7
22.0,28.8
22.0,29.0
21.8,29.0
21.8,29.2
21.7,29.3
21.7,29.5
21.7,29.7
21.5,29.8
21.5,30.0
21.5,30.2
21.3,30.3
21.2,30.5
21.2,30.7
21.2,30.8
21.2,31.0
21.0,31.0
21.0,31.2
21.0,31.3
20.8,31.3
20.8,31.5
20.8,31.7
20.8,31.8
20.8,32.0
20.8,32.2
20.8,32.3
20.8,32.5
20.8,32.7
20.8,32.8
20.8,33.0
20.8,33.2
20.8,33.3
20.8,33.5
20.8,33.7
20.8,33.8
20.8,34.0
20.8,34.2
20.8,34.3
20.8,34.5
20.8,34.7
20.8,34.8
20.8,35.0
20.8,35.2
20.8,35.3
20.8,35.5
20.8,35.7
20.8,35.8
20.8,36.0
20.8,36.2
20.8,36.3
20.8,36.5
21.0,36.5
21.0,36.7
21.0,36.8
21.0,37.0
21.2,37.0
21.2,37.2
21.3,37.3
21.5,37.3
21.7,37.3
21.8,37.3
22.0,37.3
22.2,37.3
22.2,37.2
22.3,37.2
22.3,37.0
22.5,37.0
22.5,36.8
22.7,36.8
22.7,36.7
22.8,36.5
23.0,36.3
23.0,36.2
23.2,36.2
23.2,36.0
23.3,36.0
23.3,35.8
23.5,35.7
23.5,35.5
23.7,35.5
23.7,35.3
23.7,35.2
23.7,35.0
23.8,35.0
23.8,34.8
23.8,34.7
23.8,34.5
24.0,34.3
24.0,34.2
24.0,34.0
24.0,33.8
24.0,33.7
24.2,33.7
24.2,33.5
24.2,33.3
24.2,33.2
24.2,33.0
24.2,32.8
24.2,32.7
24.2,32.5
24.2,32.3
24.2,32.2
24.2,32.0
24.2,31.8
24.2,31.7
24.2,31.5
24.2,31.3
24.2,31.2
24.2,31.0
24.2,30.8
24.2,30.7
24.2,30.5
24.2,30.3
24.2,30.2
24.2,30.0
24.2,29.8
24.2,29.7
24.2,29.5
24.2,29.3
24.2,29.2
24.2,29.0
24.2,28.8
24.2,28.7
24.2,28.5
24.0,28.5
23.8,28.5
23.7,28.5
23.5,28.7
23.5,28.8
23.3,28.8
23.3,29.0
23.3,29.2
23.2,29.2
23.2,29.3
23.0,29.5
23.0,29.7
22.8,29.8
22.8,30.0
22.8,30.2
22.7,30.3
22.7,30.5
22.5,30.7
22.5,30.8
22.3,31.0
22.3,31.2
22.2,31.2
22.2,31.3
22.2,31.5
22.0,31.7
22.0,31.8
21.8,31.8
21.8,32.0
21.8,32.2
21.8,32.3
21.8,32.5
21.7,32.5
21.7,32.7
21.7,32.8
21.7,33.0
21.7,33.2
21.7,33.3
21.5,33.3
21.5,33.5
21.5,33.7
21.5,33.8
21.5,34.0
21.5,34.2
21.5,34.3
21.5,34.5
21.5,34.7
21.5,34.8
21.5,35.0
21.5,35.2
21.5,35.3
21.5,35.5
21.5,35.7
21.5,35.8
21.5,36.0
21.5,36.2
21.5,36.3
21.5,36.5
21.5,36.7
21.7,36.8
21.7,37.0
21.7,37.2
21.8,37.2
21.8,37.3
21.8,37.5
22.0,37.5
22.0,37.7
22.0,37.8
22.2,37.8
22.2,38.0
22.2,38.2
22.3,38.2
22.5,38.0
22.5,37.8
22.5,37.7
22.5,37.5
22.5,37.3
22.5,37.2
22.5,37.0
22.5,36.8
22.7,36.8
22.7,36.7
22.7,36.5
22.7,36.3
22.7,36.2
22.7,36.0
22.7,35.8
22.7,35.7
22.7,35.5
22.7,35.3
22.8,35.3
22.8,35.2
22.8,35.0
22.8,34.8
22.8,34.7
23.0,34.5
23.0,34.3
23.0,34.2
23.0,34.0
23.0,33.8
23.2,33.8
23.2,33.7
23.2,33.5
23.2,33.3
23.2,33.2
23.3,33.2
23.3,33.0
23.3,32.8
23.3,32.7
23.3,32.5
23.3,32.3
23.3,32.2
23.3,32.0
23.3,31.8
23.5,31.8
23.5,31.7
23.5,31.5
23.5,31.3
23.5,31.2
23.5,31.0
23.7,30.8
23.7,30.7
23.7,30.5
23.8,30.3
23.8,30.2
23.8,30.0
23.8,29.8
24.0,29.8
24.0,29.7
24.0,29.5
24.2,29.5
24.2,29.3
24.2,29.2
24.3,29.2
24.3,29.0
24.5,28.8
24.5,28.7
24.5,28.5
24.7,28.5
24.7,28.3
24.8,28.3
24.8,28.2
24.8,28.0
25.0,28.0
25.2,28.0
25.2,27.8
25.3,27.8
25.3,27.7
25.5,27.7
25.7,27.5
25.8,27.5
25.8,27.3
26.0,27.3
26.2,27.3
26.3,27.3
26.5,27.5
26.7,27.5
26.8,27.5
27.0,27.5
27.0,27.7
27.2,27.7
27.3,27.7
27.5,27.7
27.7,27.7
27.8,27.7
28.0,27.7
28.2,27.7
28.3,27.7
28.5,27.7
28.7,27.7
28.8,27.8
29.0,27.8
29.0,28.0
29.0,28.2
29.2,28.2
29.2,28.3
29.2,28.5
29.2,28.7
29.2,28.8
29.2,29.0
29.3,29.0
29.3,29.2
29.3,29.3
29.3,29.5
29.3,29.7
29.3,29.8
29.3,30.0
29.5,30.0
29.5,30.2
29.5,30.3
29.5,30.5
29.5,30.7
29.5,30.8
29.5,31.0
29.5,31.2
29.5,31.3
29.5,31.5
29.5,31.7
29.5,31.8
29.5,32.0
29.5,32.2
29.5,32.3
29.5,32.5
29.5,32.7
29.5,32.8
29.5,33.0
29.5,33.2
29.5,33.3
29.5,33.5
29.5,33.7
29.5,33.8
29.5,34.0
29.5,34.2
29.5,34.3
29.5,34.5
29.5,34.7
29.5,34.8
29.5,35.0
29.5,35.2
29.5,35.3
29.5,35.5
29.5,35.7
29.5,35.8
29.5,36.0
29.3,36.0
29.3,36.2
29.3,36.3
29.3,36.5
29.3,36.7
29.2,36.7
29.2,36.8
29.2,37.0
29.2,37.2
29.0,37.2
29.0,37.3
29.0,37.5
28.8,37.5
28.8,37.7
28.8,37.8
28.7,37.8
28.7,38.0
28.5,38.0
28.5,38.2
28.3,38.2
28.3,38.3
28.5,38.3
28.7,38.3
28.8,38.3
29.0,38.3
29.2,38.3
29.3,38.3
29.5,38.3
29.7,38.3
29.8,38.3
30.0,38.3
30.2,38.3
30.3,38.3
30.5,38.3
30.7,38.3
30.8,38.3
31.0,38.3
31.0,38.5
31.2,38.5
31.3,38.5
31.5,38.5
31.5,38.7
31.7,38.7
31.8,38.7
32.0,38.7
32.2,38.8
32.3,38.8
32.5,38.8
32.7,38.8
32.7,39.0
32.8,39.0
33.0,39.0
33.2,39.0
33.3,39.0
33.5,39.0
33.5,39.2
33.7,39.2
33.8,39.2
34.0,39.2
34.2,39.2
34.2,39.3
34.3,39.3
34.5,39.3
34.7,39.3
34.8,39.3
34.8,39.5
35.0,39.5
35.2,39.7
35.3,39.7
35.5,39.7
35.5,39.8
35.7,39.8
35.7,40.0
35.8,40.0
36.0,40.0
36.0,40.2
36.2,40.2
36.2,40.3
36.3,40.3
36.3,40.5
36.5,40.5
36.5,40.7
36.7,40.7
36.7,40.8
36.8,40.8
36.8,41.0
37.0,41.0
37.0,41.2
37.2,41.2
37.2,41.3
37.3,41.3
37.3,41.5
37.5,41.5
37.5,41.7
37.7,41.7
37.7,41.8
37.8,42.0
37.8,42.2
38.0,42.2
38.0,42.3
38.2,42.3
38.2,42.5
38.2,42.7
38.3,42.7
38.3,42.8
38.3,43.0
38.5,43.0
38.5,43.2
38.5,43.3
38.7,43.5
38.7,43.7
38.7,43.8
38.8,43.8
38.8,44.0
38.8,44.2
39.0,44.2
39.0,44.3
39.0,44.5
39.0,44.7
39.0,44.8
39.0,45.0
39.2,45.0
39.0,45.0
38.8,45.0
38.7,45.0
38.7,45.2
38.5,45.2
38.3,45.2
38.3,45.3
38.2,45.3
38.0,45.3
37.8,45.3
37.8,45.5
37.7,45.5
37.5,45.7
37.3,45.7
37.2,45.8
37.0,45.8
37.0,46.0
36.8,46.0
36.7,46.2
36.5,46.2
36.5,46.3
36.3,46.3
36.3,46.5
36.2,46.5
36.2,46.7
36.0,46.7
36.0,46.8
36.2,46.8
36.3,46.8
36.5,46.7
36.7,46.7
36.8,46.7
36.8,46.5
37.0,46.5
37.2,46.5
37.3,46.5
37.3,46.3
37.5,46.3
37.7,46.3
37.8,46.3
37.8,46.2
38.0,46.2
38.2,46.2
38.3,46.2
38.5,46.0
38.7,46.0
38.8,46.0
38.8,45.8
39.0,45.8
39.2,45.8
39.3,45.8
39.3,45.7
39.5,45.7
39.7,45.7
39.7,45.5
39.8,45.5
40.0,45.5
40.2,45.5
40.2,45.3
40.3,45.3
40.5,45.3
40.7,45.2
40.8,45.2
41.0,45.2
41.2,45.2
41.2,45.0
41.3,45.0
41.5,45.0
41.7,45.0
41.7,44.8
41.8,44.8
42.0,44.8
42.2,44.7
42.3,44.7
42.5,44.7
42.5,44.5
42.7,44.5
42.8,44.5
42.8,44.3
43.0,44.3
43.2,44.3
43.3,44.3
43.3,44.2
43.5,44.2
43.7,44.2
43.8,44.2
43.8,44.0
44.0,44.0
44.2,44.0
44.3,44.0
44.5,44.0
44.5,43.8
44.7,43.8
44.8,43.8
45.0,43.8
45.2,43.8
45.2,43.7
45.3,43.7
45.5,43.7
45.7,43.7
45.8,43.7
46.0,43.7
46.0,43.5
46.2,43.5
46.3,43.5
46.5,43.5
46.7,43.5
46.8,43.3
47.0,43.3
47.2,43.3
47.3,43.3
47.5,43.3
47.7,43.3
47.8,43.3
48.0,43.3
48.2,43.3
48.3,43.3
48.5,43.3
48.7,43.3
48.8,43.3
49.0,43.3
49.2,43.3
49.3,43.3
49.5,43.3
49.7,43.3
49.8,43.3
50.0,43.3
50.2,43.3
50.3,43.3
50.5,43.3
50.7,43.3
50.8,43.3
50.7,43.3
50.5,43.3
50.3,43.3
50.2,43.3
50.2,43.5
50.0,43.5
50.0,43.7
50.2,43.7
50.3,43.7
50.3,43.8
50.5,43.8
50.7,44.0
50.8,44.0
50.8,44.2
51.0,44.2
51.0,44.3
51.2,44.3
51.2,44.5
51.3,44.5
51.3,44.7
51.3,44.8
51.5,44.8
51.7,45.0
51.7,45.2
51.8,45.2
51.8,45.3
52.0,45.5
52.2,45.7
52.2,45.8
52.3,45.8
52.3,46.0
52.5,46.2
52.5,46.3
52.7,46.3
52.7,46.5
52.7,46.7
52.8,46.7
52.8,46.8
53.0,47.0
53.2,47.2
53.2,47.3
53.3,47.3
53.3,47.5
53.3,47.7
53.5,47.7
53.5,47.8
53.7,47.8
53.7,48.0
53.8,48.2
54.0,48.3
54.0,48.5
54.2,48.5
54.2,48.7
54.3,48.7
54.3,48.8
54.3,49.0
54.5,49.0
54.5,49.2
54.7,49.2
54.7,49.3
54.7,49.5
54.8,49.5
54.8,49.7
54.8,49.8
55.0,49.8
55.0,50.0
55.0,50.2
55.2,50.2
55.2,50.3
55.2,50.5
55.3,50.5
55.3,50.7
55.3,50.8
55.5,50.8
55.5,51.0
55.5,51.2
55.5,51.3
55.7,51.3
55.7,51.5
55.7,51.7
55.8,51.7
55.8,51.8
55.8,52.0
56.0,52.2
56.0,52.3
56.0,52.5
56.2,52.5
56.2,52.7
56.2,52.8
56.3,53.0
56.3,53.2
56.3,53.3
56.5,53.5
56.5,53.7
56.5,53.8
56.5,54.0
56.7,54.0
56.7,54.2
56.7,54.3
56.7,54.5
56.8,54.5
56.8,54.7
56.8,54.8
56.8,55.0
56.8,55.2
56.8,55.3
56.8,55.5
57.0,55.5
57.0,55.7
57.0,55.8
57.0,56.0
57.0,56.2
57.0,56.3
57.0,56.5
57.0,56.7
57.0,56.8
57.2,56.8
57.2,57.0
57.2,57.2
57.2,57.3
57.2,57.5
57.2,57.7
57.2,57.8
57.2,58.0
57.2,58.2
57.2,58.3
57.2,58.5
57.2,58.7
57.2,58.8
57.2,59.0
57.2,59.2
57.2,59.3
57.2,59.5
57.2,59.7
57.2,59.8
57.2,60.0
57.2,60.2
57.2,60.3
57.2,60.5
57.2,60.7
57.2,60.8
57.2,61.0
57.2,61.2
57.2,61.3
57.2,61.5
57.2,61.7
57.2,61.8
57.2,62.0
57.0,62.2
57.0,62.3
57.0,62.5
57.0,62.7
57.0,62.8
56.8,62.8
56.8,63.0
56.8,63.2
56.8,63.3
56.8,63.5
56.7,63.5
56.7,63.7
56.7,63.8
56.7,64.0
56.5,64.2
56.5,64.3
56.5,64.5
56.3,64.5
56.3,64.7
56.2,64.7
56.2,64.8
56.2,65.0
56.0,65.0
56.0,65.2
56.0,65.3
55.8,65.5
55.8,65.7
55.7,65.8
55.7,66.0
55.7,66.2
55.5,66.2
55.5,66.3
55.3,66.3
55.3,66.5
55.3,66.7
55.2,66.7
55.2,66.8
55.2,67.0
55.0,67.0
55.0,67.2
55.0,67.3
54.8,67.3
54.8,67.5
54.7,67.5
54.7,67.7
54.5,67.7
54.5,67.8
54.3,67.8
54.3,68.0
54.2,68.0
54.2,68.2
54.0,68.2
54.0,68.3
53.8,68.3
53.8,68.5
53.7,68.5
53.7,68.7
53.5,68.7
53.3,68.7
53.3,68.8
53.3,69.0
53.3,69.2
53.3,69.3
53.3,69.5
53.3,69.7
53.3,69.8
53.3,70.0
53.3,70.2
53.3,70.3
53.3,70.5
53.3,70.7
53.5,70.8
53.5,71.0
53.5,71.2
53.5,71.3
53.5,71.5
53.5,71.7
53.5,71.8
53.5,72.0
53.5,72.2
53.5,72.3
53.5,72.5
53.5,72.7
53.5,72.8
53.5,73.0
53.5,73.2
53.5,73.3
53.5,73.5
53.5,73.7
53.5,73.8
53.5,74.0
53.5,74.2
53.5,74.3
53.5,74.5
53.5,74.7
53.5,74.8
53.5,75.0
53.5,75.2
53.7,75.2
53.8,75.2
54.0,75.2
54.2,75.2
54.3,75.2
54.5,75.2
54.7,75.2
54.8,75.2
55.0,75.2
55.2,75.2
55.3,75.2
55.5,75.2
55.7,75.2
55.8,75.2
56.0,75.2
56.2,75.2
56.3,75.2
56.5,75.2
56.7,75.2
56.8,75.2
57.0,75.2
57.2,75.2
57.3,75.2
57.3,75.3
57.5,75.3
57.7,75.3
57.8,75.3
58.0,75.3
58.2,75.3
58.3,75.3
58.5,75.3
58.7,75.3
58.8,75.3
58.8,75.5
59.0,75.5
59.2,75.5
59.3,75.5
59.5,75.5
59.7,75.5
59.7,75.7
59.8,75.7
60.0,75.7
60.2,75.7
60.3,75.7
60.3,75.8
60.5,75.8
60.7,75.8
60.8,75.8
61.0,76.0
61.2,76.0
61.3,76.0
61.5,76.0
61.7,76.2
61.8,76.2
62.0,76.2
62.2,76.2
62.2,76.3
62.3,76.3
62.5,76.3
62.7,76.3
62.8,76.3
62.8,76.5
63.0,76.5
63.2,76.5
63.3,76.5
63.3,76.7
63.5,76.7
63.7,76.7
63.8,76.7
64.0,76.7
64.0,76.8
64.2,76.8
64.3,76.8
64.5,76.8
64.5,77.0
64.7,77.0
64.8,77.0
64.8,77.2
65.0,77.2
65.2,77.3
65.3,77.3
65.5,77.3
65.5,77.5
65.7,77.5
65.7,77.7
65.8,77.7
65.8,77.8
66.0,77.8
66.0,78.0
66.2,78.0
66.2,78.2
66.3,78.2
66.3,78.3
66.3,78.5
66.5,78.5
66.5,78.7
66.5,78.8
66.7,78.8
66.7,79.0
66.7,79.2
66.7,79.3
66.7,79.5
66.7,79.7
66.7,79.8
66.7,80.0
66.7,80.2
66.7,80.3
66.7,80.5
66.7,80.7
66.7,80.8
66.7,81.0
66.7,81.2
66.5,81.3
66.5,81.5
66.3,81.5
66.3,81.7
66.2,81.7
66.2,81.8
66.0,81.8
65.8,81.8
65.8,82.0
65.7,82.2
65.5,82.2
65.5,82.3
65.5,82.5
65.3,82.5
65.2,82.5
65.2,82.7
65.0,82.7
65.0,82.8
64.8,82.8
64.7,83.0
64.7,83.2
64.5,83.2
64.3,83.2
64.2,83.3
64.0,83.3
64.0,83.5
63.8,83.5
63.7,83.5
63.5,83.5
63.5,83.7
63.3,83.7
63.2,83.7
63.2,83.8
63.0,83.8
62.8,83.8
62.7,83.8
62.5,83.8
62.3,83.8
62.2,83.8
62.0,84.0
61.8,84.0
61.7,84.0
61.5,84.0
61.3,84.0
61.2,84.0
61.2,84.2
61.0,84.2
60.8,84.2
60.7,84.2
60.5,84.2
60.3,84.2
60.2,84.2
60.0,84.2
59.8,84.2
59.7,84.2
59.5,84.2
59.3,84.2
59.2,84.2
59.2,84.3
59.0,84.3
58.8,84.3
58.8,84.5
58.7,84.5
58.5,84.5
58.3,84.5
58.2,84.5
58.2,84.7
58.0,84.7
57.8,84.7
57.7,84.7
57.8,84.7
57.8,84.5
57.8,84.3
58.0,84.3
58.0,84.2
58.2,84.0
58.2,83.8
58.2,83.7
58.2,83.5
58.2,83.3
58.2,83.2
58.2,83.0
58.2,82.8
58.2,82.7
58.2,82.5
58.2,82.3
58.2,82.2
58.2,82.0
58.2,81.8
58.2,81.7
58.0,81.7
58.0,81.5
58.0,81.3
57.8,81.3
57.8,81.2
57.7,81.2
57.7,81.0
57.5,81.0
57.5,80.8
57.3,80.8
57.3,80.7
57.2,80.7
57.0,80.7
57.0,80.5
56.8,80.3
56.7,80.3
56.7,80.2
56.5,80.2
56.3,80.2
56.3,80.0
56.2,80.0
56.0,80.0
56.0,79.8
55.8,79.8
55.7,79.8
55.5,79.8
55.3,79.8
55.3,79.7
55.2,79.7
55.0,79.7
54.8,79.7
54.7,79.7
54.5,79.5
54.3,79.5
54.2,79.5
54.0,79.5
53.8,79.5
53.7,79.5
53.5,79.3
53.3,79.3
53.2,79.3
53.0,79.3
52.8,79.3
52.8,79.2
52.7,79.2
52.5,79.2
52.3,79.2
52.2,79.2
52.2,79.0
52.0,79.0
51.8,79.0
51.7,79.0
51.5,79.0
51.3,79.0
51.2,79.0
51.2,78.8
51.0,78.8
50.8,78.8
50.7,78.8
50.5,78.8
50.3,78.8
50.2,78.8
50.0,78.8
49.8,78.8
49.7,78.8
49.7,78.7
49.5,78.7
49.3,78.7
49.2,78.7
49.0,78.7
48.8,78.7
48.7,78.7
48.5,78.7
48.3,78.7
48.2,78.7
48.0,78.7
47.8,78.7
47.7,78.7
47.5,78.7
47.3,78.7
47.2,78.7
47.0,78.7
46.8,78.7
46.7,78.7
46.5,78.7
46.3,78.7
46.2,78.7
46.0,78.7
45.8,78.7
45.7,78.7
45.5,78.7
45.3,78.7
45.2,78.7
45.0,78.7
45.0,78.5
45.0,78.3
45.0,78.2
45.0,78.0
45.0,77.8
45.0,77.7
45.0,77.5
45.0,77.3
45.0,77.2
45.0,77.0
45.0,76.8
45.0,76.7
45.0,76.5
45.0,76.3
45.0,76.2
45.0,76.0
44.8,76.0
44.8,75.8
44.8,75.7
44.8,75.5
44.8,75.3
44.8,75.2
44.8,75.0
44.8,74.8
44.7,74.7
44.7,74.5
44.7,74.3
44.7,74.2
44.7,74.0
44.7,73.8
44.7,73.7
44.7,73.5
44.7,73.3
44.7,73.2
44.7,73.0
44.7,72.8
44.7,72.7
44.7,72.5
44.7,72.3
44.7,72.2
44.7,72.0
44.7,71.8
44.7,71.7
44.7,71.5
44.7,71.3
44.7,71.2
44.7,71.0
44.5,71.0
44.5,71.2
44.5,71.3
44.5,71.5
44.5,71.7
44.5,71.8
44.5,72.0
44.5,72.2
44.5,72.3
44.5,72.5
44.5,72.7
44.5,72.8
44.5,73.0
44.5,73.2
44.5,73.3
44.5,73.5
44.5,73.7
44.5,73.8
44.5,74.0
44.5,74.2
44.5,74.3
44.5,74.5
44.5,74.7
44.5,74.8
44.7,74.8
44.7,75.0
44.7,75.2
44.7,75.3
44.7,75.5
44.7,75.7
44.7,75.8
44.7,76.0
44.7,76.2
44.7,76.3
44.7,76.5
44.7,76.7
44.7,76.8
44.7,77.0
44.7,77.2
44.8,77.3
44.8,77.5
45.0,77.5
45.0,77.7
45.0,77.8
45.2,77.8
45.2,78.0
45.3,78.0
45.3,78.2
45.5,78.2
45.5,78.3
45.7,78.3
45.7,78.5
45.8,78.5
46.0,78.5
46.2,78.5
46.2,78.7
46.3,78.7
46.5,78.7
46.7,78.7
46.7,78.8
46.8,78.8
47.0,78.8
47.2,78.8
47.3,78.8
47.5,78.8
47.7,78.8
47.8,78.8
48.0,78.8
48.2,78.8
48.3,78.8
48.5,78.8
48.7,78.8
48.8,78.8
49.0,78.8
49.2,78.8
49.3,78.8
49.5,78.8
49.7,78.8
49.8,78.8
50.0,78.8
50.2,79.0
50.3,79.0
50.5,79.0
50.7,79.0
50.8,79.2
51.0,79.2
51.2,79.2
51.3,79.2
51.3,79.3
51.5,79.3
51.7,79.3
51.8,79.3
52.0,79.3
52.2,79.3
52.2,79.5
52.3,79.5
52.5,79.5
52.7,79.5
52.8,79.5
53.0,79.5
53.0,79.7
53.2,79.7
53.3,79.7
53.5,79.7
53.7,79.8
53.8,79.8
54.0,79.8
54.2,79.8
54.3,79.8
54.5,80.0
54.7,80.0
54.8,80.0
55.0,80.0
55.0,80.2
55.2,80.2
55.3,80.2
55.5,80.2
55.5,80.3
55.7,80.3
55.8,80.3
56.0,80.3
56.0,80.5
56.2,80.5
56.3,80.5
56.3,80.7
56.5,80.7
56.7,80.7
56.7,80.8
56.8,80.8
56.8,81.0
57.0,81.0
57.0,81.2
57.2,81.2
57.2,81.3
57.3,81.3
57.5,81.5
57.5,81.7
57.5,81.8
57.7,81.8
57.7,82.0
57.7,82.2
57.8,82.2
57.8,82.3
57.8,82.5
57.8,82.7
57.8,82.8
57.8,83.0
57.8,83.2
57.8,83.3
57.8,83.5
57.8,83.7
57.8,83.8
57.8,84.0
57.8,84.2
57.7,84.3
57.7,84.5
57.5,84.5
57.5,84.7
57.5,84.8
57.3,84.8
57.3,85.0
57.2,85.0
57.2,85.2
57.0,85.2
57.0,85.3
56.8,85.3
56.8,85.5
56.7,85.5
56.7,85.7
56.5,85.7
56.3,85.8
56.2,85.8
56.2,86.0
56.0,86.0
56.0,86.2
55.8,86.2
55.8,86.3
55.7,86.3
55.5,86.3
55.5,86.5
55.3,86.5
55.3,86.7
55.2,86.7
55.0,86.7
55.0,86.8
54.8,86.8
54.7,86.8
54.5,86.8
54.5,87.0
54.3,87.0
54.2,87.0
54.2,87.2
54.0,87.2
54.0,87.0
54.0,86.8
54.0,86.7
54.0,86.5
54.0,86.3
54.0,86.2
54.0,86.0
53.8,86.0
53.8,85.8
53.7,85.8
53.7,85.7
53.5,85.7
53.5,85.5
53.3,85.5
53.2,85.3
53.0,85.2
52.8,85.2
52.8,85.0
52.7,85.0
52.7,84.8
52.5,84.8
52.3,84.8
52.3,84.7
52.2,84.7
52.0,84.5
51.8,84.5
51.8,84.3
51.7,84.3
51.5,84.3
51.5,84.2
51.3,84.2
51.2,84.2
51.0,84.2
51.0,84.0
51.2,84.0
51.2,84.2
51.3,84.2
51.5,84.3
51.7,84.3
51.7,84.5
51.8,84.5
51.8,84.7
52.0,84.7
52.2,84.8
52.2,85.0
52.3,85.0
52.3,85.2
52.5,85.2
52.5,85.3
52.7,85.3
52.7,85.5
52.8,85.5
53.0,85.7
53.2,85.8
53.2,86.0
53.3,86.0
53.3,86.2
53.5,86.2
53.5,86.3
53.5,86.5
53.7,86.5
53.7,86.7
53.7,86.8
53.7,87.0
53.8,87.0
53.8,87.2
53.8,87.3
53.7,87.3
53.5,87.3
53.3,87.3
53.3,87.5
53.2,87.5
53.0,87.5
53.0,87.7
52.7,87.7
52.5,87.8
52.3,87.8
52.3,88.0
52.2,88.0
52.0,88.0
52.0,88.2
51.8,88.2
51.7,88.2
51.5,88.2
51.5,88.3
51.3,88.3
51.2,88.3
51.0,88.3
50.8,88.5
50.7,88.5
50.5,88.5
50.3,88.5
50.2,88.5
50.0,88.5
49.8,88.5
49.7,88.5
49.5,88.7
49.3,88.7
49.2,88.7
49.0,88.7
48.8,88.7
48.7,88.7
48.5,88.7
48.3,88.7
48.3,88.8
48.2,88.8
48.0,88.8
47.8,88.8
47.7,88.8
47.7,88.7
47.7,88.5
47.7,88.3
47.7,88.2
47.7,88.0
47.7,87.8
47.5,87.8
47.5,87.7
47.5,87.5
47.3,87.5
47.3,87.3
47.2,87.3
47.2,87.2
47.2,87.0
47.0,87.0
47.0,86.8
46.8,86.8
46.8,86.7
46.8,86.5
46.7,86.5
46.7,86.3
46.5,86.3
46.5,86.2
46.3,86.2
46.3,86.0
46.2,86.0
46.2,85.8
46.0,85.8
45.8,85.8
45.8,85.7
45.7,85.7
45.7,85.5
45.5,85.5
45.3,85.3
45.2,85.3
45.2,85.2
45.0,85.2
45.2,85.2
45.3,85.2
45.5,85.2
45.5,85.3
45.7,85.5
45.8,85.5
46.0,85.7
46.2,85.8
46.3,85.8
46.3,86.0
46.5,86.0
46.7,86.2
46.8,86.3
47.0,86.5
47.2,86.7
47.2,86.8
47.3,86.8
47.3,87.0
47.3,87.2
47.5,87.2
47.5,87.3
47.5,87.5
47.7,87.7
47.7,87.8
47.7,88.0
47.7,88.2
47.7,88.3
47.7,88.5
47.8,88.7
47.8,88.8
47.8,89.0
47.7,89.0
47.5,89.0
47.3,89.0
47.2,89.2
47.0,89.2
46.8,89.2
46.8,89.3
46.7,89.3
46.5,89.3
46.3,89.5
46.2,89.5
46.0,89.5
45.8,89.5
45.8,89.7
45.7,89.7
45.5,89.7
45.3,89.7
45.2,89.8
45.0,89.8
44.8,89.8
44.7,90.0
44.5,90.0
44.3,90.0
44.2,90.0
44.0,90.2
43.8,90.2
43.7,90.2
43.5,90.2
43.3,90.2
43.2,90.2
43.0,90.2
43.0,90.3
42.8,90.3
42.7,90.3
42.5,90.3
42.3,90.3
42.3,90.5
42.2,90.5
42.0,90.5
41.8,90.5
41.7,90.5
41.5,90.5
41.3,90.7
41.2,90.7
41.0,90.7
40.8,90.7
40.7,90.7
40.5,90.7
40.3,90.7
40.2,90.7
40.0,90.7
39.8,90.7
39.7,90.7
39.5,90.7
39.3,90.7
39.2,90.7
39.0,90.7
38.8,90.7
38.7,90.7
38.5,90.7
38.3,90.7
38.2,90.7
38.2,90.8
38.0,90.8
37.8,90.8
37.7,90.8
37.5,90.8
37.3,90.8
37.2,90.8
37.0,90.8
36.8,90.8
36.7,90.8
36.5,90.8
36.3,90.8
36.2,90.8
36.0,90.8
35.8,90.8
35.7,90.8
35.5,90.8
35.3,90.8
35.2,90.8
35.0,90.8
34.8,90.8
34.7,90.8
34.5,90.8
34.3,90.8
34.2,90.8
34.0,90.8
33.8,90.8
33.7,90.8
33.5,90.8
33.3,90.8
33.2,90.8
33.0,90.8
32.8,90.8
32.7,90.8
32.7,90.7
32.5,90.7
32.3,90.7
32.2,90.7
32.0,90.7
32.0,90.5
31.8,90.5
31.7,90.3
31.5,90.3
31.3,90.3
31.3,90.2
31.2,90.2
31.2,90.0
31.0,90.0
31.0,89.8
30.8,89.8
30.8,89.7
30.7,89.7
30.7,89.5
30.5,89.5
30.5,89.3
30.3,89.3
30.3,89.2
30.2,89.2
30.2,89.0
30.0,88.8
30.0,88.7
29.8,88.7
29.8,88.5
29.8,88.3
29.8,88.2
29.8,88.0
29.8,87.8
29.8,87.7
29.7,87.7
29.7,87.5
29.7,87.3
29.7,87.2
29.7,87.0
29.7,86.8
29.7,86.7
29.7,86.5
29.7,86.3
29.7,86.2
29.7,86.0
29.7,85.8
29.7,85.7
29.8,85.7
29.8,85.5
30.0,85.3
30.0,85.2
30.2,85.2
30.2,85.0
30.2,84.8
30.3,84.8
30.3,84.7
30.3,84.5
30.5,84.5
30.5,84.3
30.7,84.3
30.7,84.2
30.8,84.0
30.8,83.8
31.0,83.8
31.0,83.7
31.2,83.7
31.2,83.5
31.3,83.5
31.3,83.3
31.5,83.3
31.5,83.2
31.7,83.2
31.7,83.0
31.8,83.0
31.8,82.8
32.0,82.8
32.2,82.8
32.2,82.7
32.3,82.7
32.3,82.5
32.5,82.5
32.7,82.3
32.8,82.3
32.8,82.2
33.0,82.2
33.2,82.2
33.2,82.0
33.3,82.0
33.3,81.8
33.5,81.8
33.7,81.8
33.7,81.7
33.8,81.7
34.0,81.7
34.0,81.5
34.2,81.5
34.3,81.5
34.3,81.3
34.5,81.3
34.7,81.3
34.7,81.2
34.8,81.2
35.0,81.0
35.2,81.0
35.2,80.8
35.3,80.8
35.5,80.8
35.7,80.8
35.7,80.7
35.8,80.7
35.8,80.5
36.0,80.5
36.0,80.3
36.0,80.2
36.2,80.2
36.2,80.0
36.2,79.8
36.2,79.7
36.2,79.5
36.2,79.3
36.2,79.2
36.2,79.0
36.2,78.8
36.3,78.8
36.3,78.7
36.3,78.5
36.3,78.3
36.3,78.2
36.3,78.0
36.3,77.8
36.3,77.7
36.3,77.5
36.3,77.3
36.3,77.2
36.3,77.0
36.3,76.8
36.3,76.7
36.5,76.7
36.5,76.5
36.5,76.3
36.5,76.2
36.5,76.0
36.5,75.8
36.5,75.7
36.5,75.5
36.5,75.3
36.5,75.2
36.5,75.0
36.5,74.8
36.7,74.8
36.7,74.7
36.7,74.5
36.7,74.3
36.7,74.2
36.7,74.0
36.7,73.8
36.7,73.7
36.8,73.5
36.8,73.3
36.8,73.2
36.8,73.0
36.8,72.8
36.8,72.7
36.8,72.5
36.8,72.3
36.8,72.2
36.8,72.0
36.8,71.8
36.8,71.7
36.8,71.5
36.8,71.3
36.8,71.2
36.8,71.0
36.8,70.8
36.8,70.7
36.8,70.5
36.8,70.3
37.0,70.3
36.8,70.3
36.7,70.3
36.5,70.3
36.3,70.3
36.2,70.3
36.0,70.3
35.8,70.3
35.7,70.3
35.5,70.3
35.3,70.3
35.2,70.3
35.0,70.3
34.8,70.3
34.7,70.3
34.5,70.3
34.3,70.3
34.2,70.3
34.0,70.3
33.8,70.2
33.7,70.2
33.5,70.2
33.3,70.2
33.3,70.0
33.2,70.0
33.0,70.0
33.0,69.8
32.8,69.8
32.7,69.8
32.5,69.7
32.3,69.5
32.2,69.5
32.2,69.3
32.0,69.3
32.0,69.2
31.8,69.2
31.8,69.0
31.7,69.0
31.7,68.8
31.5,68.8
31.5,68.7
31.5,68.5
31.3,68.5
31.3,68.3
31.3,68.2
31.2,68.2
31.2,68.0
31.2,67.8
31.2,67.7
31.0,67.7
31.0,67.5
31.0,67.3
30.8,67.3
30.8,67.2
30.8,67.0
30.8,66.8
30.7,66.8
30.7,66.7
30.5,66.7
30.5,66.5
30.5,66.3
30.5,66.2
30.3,66.2
30.3,66.0
30.3,65.8
30.2,65.8
30.2,65.7
30.2,65.5
30.2,65.3
30.0,65.3
30.0,65.2
30.0,65.0
29.8,64.8
29.8,64.7
29.8,64.5
29.8,64.3
29.8,64.2
29.7,64.2
29.7,64.0
29.7,63.8
29.7,63.7
29.5,63.7
29.5,63.5
29.5,63.7
29.3,63.7
29.2,63.7
29.0,63.8
28.8,63.8
28.7,63.8
28.5,64.0
28.3,64.0
28.2,64.0
28.2,64.2
28.0,64.2
27.8,64.2
27.7,64.2
27.5,64.2
27.3,64.3
27.2,64.3
27.0,64.3
26.8,64.3
26.8,64.5
26.7,64.5
26.5,64.5
26.3,64.5
26.2,64.5
26.0,64.5
26.0,64.7
25.8,64.7
25.7,64.7
25.5,64.7
25.5,64.8
25.3,64.8
25.2,64.8
25.0,64.8
25.0,65.0
24.8,65.0
24.7,65.0
24.7,65.2
24.5,65.2
24.3,65.2
24.2,65.2
24.0,65.2
24.0,65.3
23.8,65.3
23.8,65.5
23.7,65.5
23.5,65.5
23.5,65.7
23.3,65.7
23.2,65.7
23.0,65.8
22.8,65.8
22.8,66.0
22.7,66.0
22.5,66.0
22.5,66.2
22.3,66.2
22.2,66.2
22.2,66.3
22.0,66.3
21.8,66.5
21.7,66.5
21.7,66.7
21.5,66.7
21.5,66.8
21.3,66.8
21.2,67.0
21.0,67.0
21.0,67.2
20.8,67.2
20.7,67.3
20.5,67.3
20.5,67.5
20.3,67.5
20.3,67.7
20.2,67.7
20.2,67.8
20.0,67.8
19.8,67.8
19.8,68.0
19.7,68.0
19.7,68.2
19.5,68.2
19.5,68.3
19.3,68.3
19.3,68.5
19.2,68.5
19.0,68.7
18.8,68.7
18.8,68.8
18.7,68.8
18.8,68.8
18.8,69.0
18.8,69.2
19.0,69.3
19.0,69.5
19.0,69.7
19.2,69.7
19.2,69.8
19.2,70.0
19.3,70.0
19.3,70.2
19.3,70.3
19.5,70.3
19.5,70.5
19.5,70.7
19.5,70.8
19.7,70.8
19.7,71.0
19.8,71.0
19.8,71.2
20.0,71.2
20.0,71.3
20.2,71.3
20.3,71.3
20.5,71.3
20.7,71.3
20.8,71.3
21.0,71.3
21.2,71.3
21.3,71.3
21.3,71.2
21.5,71.2
21.7,71.2
21.8,71.2
21.8,71.0
22.0,71.0
22.2,71.0
22.3,71.0
22.5,71.0
22.5,70.8
22.7,70.8
22.8,70.8
23.0,70.8
23.0,70.7
23.2,70.7
23.3,70.7
23.3,70.5
23.5,70.5
23.7,70.5
23.8,70.3
24.0,70.3
24.2,70.2
24.3,70.2
24.5,70.2
24.5,70.0
24.7,70.0
24.8,70.0
25.0,69.8
25.2,69.8
25.3,69.8
25.3,69.7
25.5,69.7
25.5,69.5
25.7,69.5
25.8,69.5
25.8,69.3
26.0,69.3
26.2,69.3
26.3,69.3
26.3,69.2
26.5,69.2
26.7,69.2
26.7,69.0
26.8,69.0
27.0,69.0
27.0,68.8
27.2,68.8
27.2,68.7
27.3,68.7
27.3,68.5
27.5,68.5
27.5,68.3
27.7,68.3
27.8,68.3
27.8,68.2
28.0,68.2
28.0,68.0
28.2,68.0
28.2,67.8
28.3,67.8
28.3,67.7
28.5,67.7
28.5,67.5
28.7,67.5
28.7,67.3
28.8,67.3
29.0,67.3
29.0,67.2
29.2,67.2
29.2,67.0
29.3,67.0
29.3,66.8
29.3,66.7
29.5,66.7
29.7,66.7
29.7,66.5
29.7,66.3
29.8,66.3
29.8,66.2
30.0,66.2
30.0,66.0
30.2,66.0
30.2,65.8
30.2,65.7
30.2,65.5
30.2,65.3
30.2,65.2
30.2,65.0
30.2,64.8
30.2,64.7
30.2,64.5
30.2,64.3
30.2,64.2
30.2,64.0
30.2,63.8
30.2,63.7
30.2,63.5
30.2,63.3
30.2,63.2
30.2,63.0
30.2,62.8
30.2,62.7
30.2,62.5
30.2,62.3
30.2,62.2
30.2,62.0
30.2,61.8
30.2,61.7
30.2,61.5
30.2,61.3
30.2,61.2
30.3,61.0
30.3,60.8
30.3,60.7
30.3,60.5
30.5,60.5
30.5,60.3
30.5,60.2
30.5,60.0
30.7,60.0
30.7,59.8
30.7,59.7
30.7,59.5
30.8,59.5
30.8,59.3
30.8,59.2
31.0,59.2
31.0,59.0
31.2,59.0
31.2,58.8
31.2,58.7
31.3,58.7
31.3,58.5
31.5,58.5
31.5,58.3
31.5,58.2
31.7,58.2
31.7,58.0
31.8,58.0
31.8,57.8
31.8,57.7
32.0,57.7
32.0,57.5
32.2,57.5
32.2,57.3
32.3,57.3
32.3,57.2
32.5,57.2
32.5,57.0
32.7,57.0
32.7,56.8
32.7,56.7
32.8,56.7
33.0,56.7
33.2,56.7
33.3,56.7
33.3,56.5
33.5,56.5
33.7,56.5
33.8,56.5
34.0,56.5
34.0,56.3
34.2,56.3
34.2,56.5
34.2,56.7
34.2,56.8
34.2,57.0
34.2,57.2
34.3,57.2
34.3,57.3
34.3,57.5
34.5,57.5
34.5,57.7
34.5,57.8
34.5,58.0
34.5,58.2
34.7,58.2
34.7,58.3
34.7,58.5
34.7,58.7
34.7,58.8
34.7,59.0
34.7,59.2
34.7,59.3
34.7,59.5
34.8,59.5
34.8,59.7
34.8,59.8
34.8,60.0
34.8,60.2
34.8,60.3
34.8,60.5
34.8,60.7
34.8,60.8
34.8,61.0
34.7,61.0
34.5,61.0
34.5,61.2
34.3,61.2
34.2,61.2
34.2,61.3
34.0,61.3
33.8,61.3
33.8,61.5
33.7,61.5
33.7,61.7
33.7,61.8
33.5,61.8
33.5,62.0
33.5,62.2
33.5,62.3
33.3,62.3
33.3,62.5
33.3,62.7
33.2,62.7
33.2,62.8
33.2,63.0
33.2,63.2
33.2,63.3
33.0,63.5
33.0,63.7
33.0,63.8
33.0,64.0
33.0,64.2
33.0,64.3
33.0,64.5
33.0,64.7
33.0,64.8
33.0,65.0
33.0,65.2
33.0,65.3
33.0,65.5
33.0,65.7
33.0,65.8
33.0,66.0
33.2,66.0
33.2,66.2
33.2,66.3
33.3,66.3
33.3,66.5
33.5,66.5
33.5,66.7
33.7,66.7
33.7,66.8
33.8,66.8
33.8,67.0
34.0,67.0
34.2,67.0
34.3,67.0
34.5,67.0
34.7,67.0
34.7,66.8
34.8,66.8
35.0,66.7
35.0,66.5
35.2,66.5
35.2,66.3
35.3,66.3
35.3,66.2
35.5,66.2
35.5,66.0
35.7,65.8
35.8,65.7
35.8,65.5
36.0,65.3
36.0,65.2
36.2,65.2
36.2,65.0
36.2,64.8
36.3,64.8
36.3,64.7
36.3,64.5
36.5,64.5
36.5,64.3
36.5,64.2
36.7,64.0
36.7,63.8
36.7,63.7
36.7,63.5
36.7,63.7
36.5,63.8
36.5,64.0
36.3,64.2
36.3,64.3
36.2,64.3
36.2,64.5
36.2,64.7
36.2,64.8
36.0,64.8
36.0,65.0
36.0,65.2
36.0,65.3
36.0,65.5
35.8,65.5
35.8,65.7
35.8,65.8
35.8,66.0
35.8,66.2
35.7,66.2
35.7,66.3
35.7,66.5
35.7,66.7
35.7,66.8
35.7,67.0
35.8,67.0
35.8,67.2
36.0,67.2
36.2,67.2
36.2,67.3
36.3,67.3
36.5,67.3
36.5,67.5
36.7,67.5
36.8,67.5
37.0,67.5
37.0,67.7
37.2,67.7
37.3,67.7
37.5,67.7
37.7,67.7
37.8,67.7
37.8,67.8
38.0,67.8
38.2,67.8
38.3,67.8
38.5,67.8
38.7,67.8
38.8,67.8
39.0,67.8
39.0,67.7
39.2,67.7
39.3,67.5
39.3,67.3
39.5,67.3
39.5,67.2
39.5,67.0
39.5,66.8
39.5,66.7
39.7,66.7
39.7,66.5
39.7,66.3
39.7,66.2
39.7,66.0
39.7,65.8
39.7,65.7
39.7,65.5
39.8,65.3
39.8,65.2
39.8,65.0
39.8,64.8
39.8,64.7
39.8,64.5
39.8,64.3
39.8,64.2
39.8,64.0
39.8,63.8
39.8,63.7
39.8,63.5
39.8,63.3
39.8,63.2
39.8,63.3
39.8,63.5
39.8,63.7
39.8,63.8
39.8,64.0
39.8,64.2
39.8,64.3
39.8,64.5
39.8,64.7
39.8,64.8
40.0,65.0
40.2,65.0
40.2,65.2
40.2,65.3
40.3,65.3
40.3,65.5
40.3,65.7
40.5,65.7
40.5,65.8
40.5,66.0
40.5,66.2
40.5,66.3
40.5,66.5
40.5,66.7
40.5,66.8
40.3,67.0
40.3,67.2
40.3,67.3
40.3,67.5
40.3,67.7
40.3,67.8
40.3,68.0
40.3,68.2
40.3,68.3
40.5,68.3
40.5,68.5
40.7,68.5
40.8,68.5
41.0,68.5
41.2,68.5
41.3,68.5
41.5,68.5
41.7,68.5
41.8,68.5
41.8,68.3
42.0,68.3
42.2,68.3
42.2,68.2
42.3,68.2
42.5,68.0
42.5,67.8
42.7,67.8
42.8,67.8
42.8,67.7
42.8,67.5
43.0,67.5
43.0,67.3
43.0,67.2
43.0,67.0
43.2,66.8
43.2,66.7
43.2,66.5
43.2,66.3
43.2,66.2
43.2,66.0
43.2,65.8
43.2,65.7
43.2,65.5
43.2,65.3
43.2,65.2
43.2,65.0
43.2,64.8
43.2,64.7
43.2,64.5
43.2,64.3
43.2,64.2
43.2,64.0
43.2,63.8
43.2,63.7
43.2,63.5
43.2,63.3
43.2,63.2
43.2,63.0
43.0,63.0
43.0,62.8
43.0,62.7
43.0,62.5
42.8,62.5
42.8,62.3
42.8,62.2
42.8,62.0
42.8,61.8
42.7,61.8
42.7,61.7
42.7,61.5
42.5,61.5
42.5,61.3
42.5,61.2
42.5,61.0
42.3,61.0
42.3,60.8
42.3,60.7
42.2,60.5
42.2,60.3
42.2,60.2
42.2,60.0
42.0,59.8
42.0,59.7
42.0,59.5
42.0,59.3
42.0,59.2
41.8,59.2
41.8,59.0
41.8,58.8
41.8,58.7
41.8,58.5
41.8,58.3
41.8,58.2
41.8,58.0
41.7,58.0
41.7,57.8
41.7,57.7
41.7,57.5
41.7,57.3
41.7,57.2
41.7,57.0
41.7,56.8
41.5,56.8
41.5,56.7
41.5,56.5
41.5,56.3
41.5,56.2
41.5,56.0
41.5,55.8
41.5,55.7
41.5,55.5
41.5,55.3
41.5,55.5
41.5,55.7
41.5,55.8
41.5,56.0
41.5,56.2
41.5,56.3
41.5,56.5
41.5,56.7
41.5,56.8
41.5,57.0
41.5,57.2
41.7,57.2
41.7,57.3
41.7,57.5
41.7,57.7
41.8,57.8
41.8,58.0
41.8,58.2
41.8,58.3
41.8,58.5
41.8,58.7
42.0,58.7
42.0,58.8
42.0,59.0
42.0,59.2
42.0,59.3
42.0,59.5
42.2,59.5
42.2,59.7
42.2,59.8
42.2,60.0
42.2,60.2
42.2,60.3
42.3,60.3
42.3,60.5
42.3,60.7
42.3,60.8
42.3,61.0
42.3,61.2
42.5,61.3
42.5,61.5
42.5,61.7
42.5,61.8
42.5,62.0
42.5,62.2
42.5,62.3
42.5,62.5
42.7,62.7
42.7,62.8
42.7,63.0
42.7,63.2
42.7,63.3
42.7,63.5
42.7,63.7
42.7,63.8
42.7,64.0
42.7,64.2
42.7,64.3
42.8,64.3
42.8,64.5
42.8,64.7
42.8,64.8
42.8,65.0
42.8,65.2
42.8,65.3
42.8,65.5
42.8,65.7
42.8,65.8
42.8,66.0
42.8,66.2
42.8,66.3
42.8,66.5
42.7,66.5
42.7,66.7
42.7,66.8
42.5,66.8
42.5,67.0
42.3,67.0
42.3,67.2
42.2,67.2
42.0,67.2
42.0,67.3
41.8,67.3
41.7,67.3
41.7,67.5
41.5,67.5
41.3,67.5
41.2,67.5
41.2,67.7
41.0,67.7
40.8,67.7
40.8,67.8
40.7,67.8
40.5,67.8
40.3,67.8
40.2,67.8
40.0,68.0
39.8,68.0
39.7,68.0
39.5,68.0
39.3,68.0
39.2,68.0
39.0,68.0
38.8,68.0
38.7,68.0
38.5,68.0
38.3,68.0
38.2,68.0
38.0,68.0
37.8,68.0
37.7,68.0
37.5,68.0
37.3,68.0
37.2,68.0
37.2,67.8
37.0,67.8
36.8,67.8
36.7,67.7
36.5,67.5
36.3,67.5
36.3,67.3
36.2,67.3
36.0,67.3
36.0,67.2
35.8,67.2
35.7,67.2
35.7,67.0
35.5,67.0
35.3,67.0
35.3,66.8
35.2,66.8
35.0,66.8
34.8,66.8
34.7,66.8
34.5,66.8
34.3,66.8
34.2,66.8
34.0,66.8
33.8,66.8
33.8,66.7
33.7,66.7
33.7,66.5
33.5,66.5
33.5,66.3
33.3,66.3
33.3,66.2
33.3,66.0
33.2,66.0
33.2,65.8
33.2,65.7
33.2,65.5
33.2,65.3
33.2,65.2
33.2,65.0
33.2,64.8
33.2,64.7
33.2,64.5
33.2,64.3
33.2,64.2
33.2,64.0
33.2,63.8
33.2,63.7
33.2,63.5
33.2,63.3
33.2,63.2
33.2,63.0
33.2,62.8
33.2,62.7
33.2,62.5
33.3,62.5
33.3,62.3
33.3,62.2
33.5,62.2
33.5,62.0
33.7,62.0
33.7,61.8
33.8,61.8
33.8,61.7
34.0,61.7
34.0,61.5
34.2,61.5
34.3,61.3
34.5,61.3
34.5,61.2
34.7,61.2
34.7,61.0
34.7,60.8
34.7,60.7
34.8,60.7
34.8,60.5
34.8,60.3
34.8,60.2
34.8,60.0
34.8,59.8
35.0,59.8
35.0,59.7
35.0,59.5
35.0,59.3
35.0,59.2
35.0,59.0
35.0,58.8
35.0,58.7
35.0,58.5
35.0,58.3
35.0,58.2
35.0,58.0
35.0,57.8
35.0,57.7
34.8,57.7
34.8,57.5
34.8,57.3
34.7,57.3
34.7,57.2
34.5,57.2
34.5,57.0
34.5,56.8
34.5,56.7
34.3,56.7
34.3,56.5
34.2,56.5
34.2,56.3
34.2,56.2
34.0,56.2
33.8,56.2
33.8,56.0
33.7,56.0
33.5,56.0
33.5,56.2
33.3,56.2
33.3,56.0
33.3,55.8
33.3,55.7
33.5,55.7
33.5,55.5
33.5,55.3
33.7,55.3
33.7,55.2
33.8,55.2
33.8,55.0
33.8,54.8
34.0,54.8
34.0,54.7
34.2,54.5
34.2,54.3
34.3,54.3
34.3,54.2
34.5,54.2
34.5,54.0
34.5,53.8
34.7,53.7
34.7,53.5
34.8,53.3
34.8,53.2
35.0,53.2
35.0,53.0
35.0,52.8
35.0,52.7
35.2,52.7
35.2,52.5
35.3,52.3
35.3,52.2
35.5,52.0
35.5,51.8
35.7,51.8
35.7,51.7
35.7,51.5
35.8,51.5
36.0,51.3
36.0,51.2
36.2,51.2
36.2,51.0
36.3,50.8
36.5,50.8
36.5,50.7
36.5,50.5
36.7,50.5
36.7,50.3
36.7,50.2
36.8,50.2
36.8,50.0
36.8,49.8
37.0,49.8
37.0,49.7
37.2,49.7
37.2,49.5
37.2,49.3
37.3,49.3
37.3,49.2
37.5,49.0
37.5,48.8
37.5,48.7
37.7,48.5
37.7,48.3
37.7,48.2
37.8,48.2
37.8,48.0
37.8,47.8
38.0,47.8
38.0,47.7
38.0,47.5
38.0,47.3
38.2,47.3
38.2,47.2
38.2,47.0
38.3,47.0
38.3,46.8
38.3,46.7
38.5,46.7
38.5,46.5
38.5,46.3
38.5,46.2
38.7,46.2
38.8,46.2
38.8,46.0
39.0,46.0
39.2,46.0
39.3,45.8
39.5,45.8
39.7,45.7
39.8,45.7
39.8,45.5
40.0,45.5
40.2,45.5
40.2,45.3
40.3,45.3
40.5,45.3
40.5,45.2
40.7,45.2
40.8,45.2
41.0,45.2
41.2,45.2
41.2,45.0
41.3,45.0
41.5,45.0
41.7,44.8
41.8,44.8
42.0,44.8
42.2,44.8
42.2,44.7
42.3,44.7
42.5,44.7
42.7,44.5
42.8,44.5
43.0,44.5
43.2,44.5
43.2,44.3
43.3,44.3
43.5,44.3
43.7,44.3
43.8,44.3
43.8,44.2
44.0,44.2
44.2,44.2
44.2,44.0
44.3,44.0
44.5,44.0
44.7,44.0
44.8,44.0
45.0,44.0
45.0,43.8
45.2,43.8
45.3,43.8
45.5,43.8
45.7,43.7
45.8,43.7
46.0,43.7
46.0,43.5
46.2,43.5
46.3,43.5
46.5,43.5
46.7,43.5
46.7,43.3
46.8,43.3
47.0,43.3
47.2,43.3
47.2,43.2
47.3,43.2
47.5,43.2
47.7,43.2
47.8,43.2
48.0,43.2
48.0,43.0
48.2,43.0
48.3,43.0
48.5,43.0
48.7,43.0
48.8,43.0
49.0,43.0
49.2,43.0
49.3,43.0
49.3,42.8
49.5,42.8
49.7,42.8
49.8,43.3
49.7,43.3
49.7,43.2
49.5,43.2
49.5,43.0
49.5,42.8
49.3,42.8
49.3,42.7
49.2,42.7
49.2,42.5
49.0,42.5
49.0,42.3
49.0,42.2
48.8,42.2
48.8,42.0
48.7,42.0
48.7,41.8
48.5,41.8
48.5,41.7
48.3,41.7
48.3,41.5
48.2,41.5
48.2,41.3
48.0,41.3
48.0,41.2
48.0,41.0
47.8,41.0
47.8,40.8
47.8,40.7
47.8,40.5
47.8,40.3
47.8,40.2
47.8,40.0
47.8,39.8
47.8,39.7
47.8,39.5
47.8,39.3
47.8,39.2
48.0,39.2
48.0,39.0
48.0,38.8
48.2,38.8
48.2,38.7
48.3,38.7
48.3,38.5
48.3,38.3
48.5,38.3
48.5,38.2
48.7,38.2
48.7,38.0
48.8,38.0
48.8,37.8
49.0,37.8
49.0,37.7
49.2,37.7
49.2,37.5
49.3,37.5
49.3,37.3
49.5,37.3
49.5,37.2
49.7,37.2
49.7,37.0
49.8,37.0
49.8,36.8
50.0,36.8
50.0,36.7
50.2,36.7
50.2,36.5
50.3,36.5
50.3,36.3
50.5,36.3
50.7,36.2
50.7,36.0
50.8,36.0
51.0,35.8
51.0,35.7
51.2,35.7
51.3,35.5
51.3,35.3
51.5,35.3
51.7,35.3
51.7,35.2
51.8,35.2
51.8,35.0
52.0,35.0
52.0,34.8
52.2,34.8
52.3,34.7
52.5,34.7
52.5,34.5
52.7,34.5
52.8,34.5
52.8,34.3
53.0,34.3
53.0,34.2
53.2,34.2
53.2,34.0
53.3,34.0
53.3,33.8
53.5,33.8
53.7,33.8
53.7,33.7
53.8,33.7
53.8,33.5
54.0,33.5
54.0,33.3
54.2,33.3
54.2,33.2
54.0,33.2
54.0,33.0
54.0,32.8
53.8,32.7
53.8,32.5
53.7,32.5
53.7,32.3
53.7,32.2
53.5,32.2
53.5,32.0
53.5,31.8
53.3,31.8
53.3,31.7
53.2,31.7
53.2,31.5
53.0,31.5
52.8,31.5
52.8,31.3
52.7,31.3
52.7,31.2
52.5,31.2
52.3,31.2
52.2,31.2
52.2,31.0
52.0,31.0
51.8,31.0
51.8,30.8
51.7,30.8
51.5,30.8
51.3,30.8
51.3,30.7
51.2,30.7
51.0,30.7
50.8,30.7
50.7,30.7
50.5,30.7
50.3,30.7
50.2,30.7
50.0,30.7
49.8,30.7
49.7,30.7
49.5,30.7
49.3,30.7
49.2,30.7
49.0,30.7
49.0,30.8
48.8,30.8
48.8,31.0
48.7,31.0
48.7,31.2
48.5,31.2
48.5,31.3
48.3,31.3
48.3,31.5
48.3,31.3
48.3,31.2
48.2,31.2
48.2,31.0
48.2,30.8
48.0,30.8
47.8,30.7
47.7,30.7
47.7,30.5
47.5,30.5
47.5,30.3
47.3,30.3
47.3,30.2
47.2,30.2
47.2,30.0
47.0,30.0
46.8,30.0
46.8,29.8
46.7,29.8
46.7,29.7
46.5,29.7
46.5,29.5
46.3,29.5
46.2,29.5
46.2,29.3
46.0,29.3
45.8,29.3
45.8,29.2
45.7,29.2
45.5,29.2
45.5,29.0
45.3,29.0
45.2,29.0
45.0,29.0
45.0,28.8
44.8,28.8
44.7,28.8
44.5,28.8
44.3,28.8
44.3,28.7
44.2,28.7
44.0,28.7
44.0,28.5
43.8,28.5
43.7,28.5
43.5,28.5
43.5,28.3
43.3,28.3
43.3,28.2
43.2,28.2
43.0,28.2
43.0,28.0
42.8,28.0
42.8,27.8
42.7,27.8
42.7,27.7
42.5,27.7
42.5,27.5
42.5,27.7
42.3,27.7
42.3,27.8
42.2,27.8
42.2,28.0
42.0,28.0
42.0,28.2
41.8,28.2
41.8,28.3
41.8,28.5
41.7,28.5
41.7,28.7
41.5,28.7
41.5,28.8
41.3,28.8
41.3,29.0
41.3,29.2
41.3,29.3
41.3,29.5
41.3,29.7
41.3,29.8
41.3,30.0
41.3,30.2
41.3,30.3
41.3,30.5
41.3,30.7
41.3,30.8
41.3,31.0
41.5,31.0
41.5,31.2
41.5,31.3
41.7,31.3
41.7,31.5
41.8,31.5
41.8,31.7
42.0,31.7
42.2,31.7
42.2,31.8
42.3,31.8
42.3,32.0
42.5,32.0
42.5,32.2
42.7,32.2
42.7,32.3
42.8,32.3
43.0,32.3
43.0,32.5
43.2,32.5
43.3,32.5
43.3,32.7
43.5,32.7
43.7,32.7
43.8,32.7
44.0,32.7
44.2,32.7
44.3,32.7
44.3,32.5
44.5,32.5
44.5,32.3
44.7,32.3
44.7,32.2
44.8,32.0
44.8,31.8
45.0,31.8
45.0,31.7
45.0,31.5
45.2,31.5
45.2,31.3
45.2,31.2
45.3,31.2
45.3,31.0
45.3,30.8
45.3,30.7
45.3,30.5
45.5,30.3
45.5,30.5
45.3,30.5
45.3,30.7
45.3,30.8
45.3,31.0
45.2,31.0
45.2,31.2
45.2,31.3
45.0,31.3
45.0,31.5
45.0,31.7
44.8,31.8
44.8,32.0
44.7,32.2
44.7,32.3
44.7,32.5
44.5,32.5
44.5,32.7
44.5,32.8
44.5,33.0
44.7,33.0
44.7,33.2
44.7,33.3
44.8,33.3
44.8,33.5
45.0,33.5
45.0,33.7
45.2,33.7
45.3,33.7
45.3,33.8
45.3,34.0
45.5,34.0
45.7,34.0
45.7,34.2
45.8,34.2
45.8,34.3
46.0,34.3
46.2,34.3
46.2,34.5
46.3,34.5
46.5,34.5
46.5,34.7
46.7,34.7
46.8,34.7
47.0,34.7
47.0,34.8
47.2,34.8
47.3,34.8
47.5,34.8
47.7,34.8
47.7,34.7
47.8,34.7
48.0,34.7
48.0,34.5
48.2,34.5
48.2,34.3
48.3,34.2
48.3,34.0
48.3,33.8
48.5,33.8
48.5,33.7
48.7,33.7
48.7,33.5
48.7,33.3
48.7,33.2
48.7,33.0
48.7,32.8
48.7,32.7
48.5,32.7
48.5,32.5
48.5,32.3
48.5,32.2
48.3,32.2
48.3,32.0
48.3,31.8
48.3,31.7
48.3,31.5
48.3,31.7
48.3,31.8
48.3,32.0
48.3,32.2
48.3,32.3
48.3,32.5
48.3,32.7
48.3,32.8
48.3,33.0
48.3,33.2
48.3,33.3
48.3,33.5
48.3,33.7
48.3,33.8
48.3,34.0
48.3,34.2
48.3,34.3
48.5,34.3
48.5,34.5
48.5,34.7
48.7,34.7
48.7,34.8
48.8,35.0
49.0,35.0
49.2,35.0
49.2,35.2
49.3,35.2
49.5,35.2
49.5,35.3
49.7,35.3
49.8,35.3
50.0,35.3
50.2,35.3
50.3,35.3
50.5,35.3
50.7,35.3
50.8,35.3
51.0,35.3
51.2,35.3
51.3,35.3
51.5,35.3
51.7,35.3
51.8,35.3
52.0,35.3
52.0,35.2
52.2,35.2
52.2,35.0
52.3,35.0
52.3,34.8
52.5,34.8
52.5,34.7
52.7,34.7
52.7,34.5
52.8,34.5
52.8,34.3
53.0,34.3
53.2,34.2
53.2,34.0
53.3,34.0
53.5,34.0
53.5,33.8
53.7,33.8
53.7,33.7
53.7,33.5
53.8,33.5
54.0,33.5
54.2,33.5
54.2,33.3
54.3,33.3
54.5,33.3
54.5,33.2
54.7,33.2
54.8,33.0
55.0,33.0
55.0,32.8
55.2,32.8
55.2,32.7
55.3,32.7
55.5,32.7
55.5,32.5
55.7,32.5
55.7,32.3
55.8,32.3
56.0,32.3
56.0,32.2
56.2,32.2
56.2,32.0
56.3,32.0
56.5,32.0
56.5,31.8
56.7,31.8
56.7,31.7
56.8,31.7
57.0,31.5
57.2,31.5
57.2,31.3
57.3,31.3
57.5,31.3
57.5,31.2
57.7,31.2
57.7,31.0
57.8,31.0
58.0,31.0
58.2,30.8
58.3,30.8
58.3,30.7
58.5,30.7
58.7,30.7
58.8,30.7
58.8,30.5
59.0,30.5
59.2,30.5
59.3,30.5
59.3,30.3
59.5,30.3
59.7,30.3
59.8,30.3
60.0,30.3
60.0,30.2
60.2,30.2
60.3,30.2
60.5,30.2
60.5,30.0
60.7,30.0
60.8,30.0
61.0,30.0
61.0,29.8
61.2,29.8
61.3,29.8
61.5,29.8
61.5,29.7
61.7,29.7
61.8,29.7
62.0,29.7
62.0,29.5
62.2,29.5
62.3,29.5
62.3,29.3
62.5,29.3
62.7,29.3
62.8,29.2
63.0,29.2
63.2,29.2
63.2,29.0
63.3,29.0
63.5,29.0
63.5,28.8
63.7,28.8
63.8,28.8
64.0,28.8
64.0,28.7
64.2,28.7
64.3,28.7
64.5,28.7
64.5,28.5
64.7,28.5
64.8,28.5
64.8,28.3
65.0,28.3
65.2,28.3
65.3,28.3
65.3,28.2
65.5,28.2
65.7,28.2
65.7,28.0
65.8,28.0
66.0,28.0
66.0,27.8
66.2,27.8
66.3,27.7
66.5,27.7
66.7,27.7
66.7,27.5
66.8,27.5
67.0,27.3
67.2,27.3
67.2,27.2
67.3,27.2
67.3,27.0
67.5,27.0
67.7,27.0
67.7,26.8
67.8,26.8
67.8,26.7
68.0,26.7
68.2,26.7
68.2,26.5
68.3,26.5
68.3,26.3
68.5,26.3
68.7,26.3
68.7,26.2
68.8,26.2
68.8,26.0
69.0,26.0
69.2,25.8
69.2,25.7
69.3,25.7
69.3,25.5
69.5,25.5
69.5,25.3
69.7,25.3
69.7,25.2
69.8,25.2
69.8,25.0
69.8,24.8
70.0,24.8
70.0,24.7
70.2,24.7
70.2,24.5
70.2,24.3
70.3,24.3
70.3,24.2
70.3,24.0
70.5,24.0
70.5,23.8
70.7,23.7
70.7,23.5
70.7,23.3
70.8,23.2
70.8,23.0
70.8,22.8
71.0,22.8
71.0,22.7
71.0,22.5
71.0,22.3
71.0,22.2
71.2,22.2
71.2,22.0
71.2,21.8
71.2,21.7
71.2,21.5
71.2,21.3
71.2,21.2
71.2,21.0
71.2,20.8
71.2,20.7
71.2,20.5
71.2,20.3
71.2,20.2
71.2,20.0
71.2,19.8
71.2,19.7
71.2,19.5
71.2,19.3
71.0,19.3
71.0,19.2
71.0,19.0
71.0,18.8
71.0,18.7
71.0,18.5
70.8,18.5
70.8,18.3
70.8,18.2
70.8,18.0
70.7,18.0
70.7,17.8
70.7,17.7
70.7,17.5
70.7,17.3
70.7,17.2
70.5,17.2
70.5,17.0
70.5,16.8
70.3,16.8
70.3,16.7
70.3,16.5
70.2,16.5
70.2,16.3
70.2,16.2
70.2,16.0
70.0,16.0
70.0,15.8
70.0,15.7
69.8,15.7
69.7,15.5
69.5,15.5
69.5,15.3
69.3,15.3
69.5,15.3
69.5,15.2
69.7,15.0
69.7,14.8
69.8,14.8
69.8,14.7
69.8,14.5
70.0,14.5
70.0,14.3
70.2,14.3
70.2,14.2
70.3,14.2
70.3,14.0
70.5,14.0
70.5,13.8
70.7,13.8
70.8,13.8
70.8,13.7
71.0,13.7
71.2,13.7
71.2,13.5
71.3,13.5
71.5,13.5
71.7,13.5
71.7,13.3
71.8,13.3
72.0,13.3
72.2,13.3
72.3,13.3
72.3,13.2
72.5,13.2
72.7,13.2
72.8,13.2
73.0,13.2
73.2,13.2
73.3,13.2
73.5,13.2
73.7,13.2
73.8,13.2
74.0,13.2
74.2,13.2
74.3,13.2
74.5,13.2
74.5,13.3
74.7,13.3
74.7,13.5
74.7,13.7
74.8,13.7
74.8,13.8
74.8,14.0
75.0,14.0
75.0,14.2
75.0,14.3
75.2,14.3
75.2,14.5
75.2,14.7
75.3,14.8
75.3,15.0
75.3,15.2
75.3,15.3
75.3,15.5
75.3,15.7
75.3,15.8
75.3,16.0
75.3,16.2
75.3,16.3
75.3,16.5
75.3,16.7
75.3,16.8
75.3,17.0
75.3,17.2
75.3,17.3
75.3,17.5
75.3,17.7
75.3,17.8
75.2,17.8
75.2,18.0
75.0,18.0
75.0,18.2
74.8,18.2
74.7,18.2
74.5,18.2
74.5,18.3
74.3,18.3
74.2,18.3
74.2,18.5
74.0,18.5
73.8,18.5
73.7,18.5
73.5,18.5
73.3,18.7
73.2,18.7
73.0,18.7
72.8,18.7
72.7,18.7
72.5,18.7
72.3,18.7
72.2,18.7
72.0,18.7
71.8,18.7
71.8,18.5
71.7,18.5
71.5,18.3
71.5,18.2
71.3,18.0
71.3,17.8
71.3,17.7
71.3,17.5
71.3,17.3
71.3,17.2
71.3,17.0
71.5,17.0
71.5,16.8
71.5,16.7
71.7,16.7
71.7,16.5
71.8,16.5
72.0,16.5
72.0,16.3
72.2,16.3
72.3,16.3
72.3,16.2
72.5,16.2
72.7,16.2
72.8,16.2
72.8,16.0
73.0,16.0
73.2,16.0
73.3,16.0
73.5,16.0
73.7,16.0
73.8,16.0
73.8,16.2
74.0,16.2
74.0,16.3
74.2,16.3
74.2,16.5
74.2,16.7
74.2,16.8
74.2,17.0
74.2,17.2
74.2,17.3
74.2,17.5
74.2,17.7
74.2,17.8
74.2,18.0
74.0,18.0
73.8,18.0
73.8,18.2
73.7,18.2
73.5,18.2
73.5,18.3
73.3,18.3
73.2,18.3
73.0,18.5
72.8,18.5
72.7,18.5
72.5,18.5
72.5,18.3
72.3,18.3
72.3,18.2
72.2,18.2
72.0,18.0
71.8,17.8
71.7,17.8
71.7,17.7
71.5,17.7
71.5,17.5
71.3,17.5
71.3,17.3
71.2,17.3
71.0,17.2
70.8,17.0
70.8,16.8
70.7,16.8
70.7,16.7
70.5,16.7
70.5,16.5
70.3,16.3
70.3,16.2
70.2,16.2
70.2,16.0
70.2,15.8
70.0,15.8
70.0,15.7
70.0,15.5
69.8,15.5
69.8,15.3
69.7,15.2
69.7,15.0
69.5,14.8
69.5,14.7
69.3,14.5
69.3,14.3
69.2,14.3
69.2,14.2
69.2,14.0
69.0,14.0
69.0,13.8
68.8,13.8
68.8,13.7
68.8,13.5
68.7,13.5
68.7,13.3
68.5,13.3
68.5,13.2
68.3,13.2
68.3,13.0
68.2,12.8
68.2,12.7
68.0,12.7
68.0,12.5
67.8,12.5
67.8,12.3
67.7,12.3
67.7,12.2
67.5,12.2
67.5,12.0
67.3,12.0
67.3,11.8
67.2,11.8
67.2,11.7
67.0,11.7
67.0,11.5
66.8,11.5
66.7,11.3
66.5,11.3
66.5,11.2
66.3,11.2
66.3,11.0
66.2,11.0
66.2,10.8
66.0,10.8
65.8,10.8
65.8,10.7
65.7,10.7
65.5,10.5
65.3,10.3
65.2,10.3
65.0,10.2
64.8,10.2
64.8,10.0
64.7,10.0
64.7,9.8
64.5,9.8
64.3,9.8
64.2,9.7
64.0,9.7
64.0,9.5
63.8,9.5
63.7,9.5
63.7,9.3
63.5,9.3
63.3,9.3
63.3,9.2
63.2,9.2
63.0,9.2
62.8,9.0
62.7,9.0
62.5,9.0
62.3,9.0
62.3,8.8
62.2,8.8
62.0,8.8
61.8,8.8
61.7,8.8
61.5,8.7
61.3,8.7
61.2,8.7
61.0,8.7
60.8,8.7
60.7,8.7
60.5,8.7
60.3,8.7
60.2,8.7
60.0,8.7
59.8,8.7
59.8,8.5
59.7,8.5
59.5,8.5
59.3,8.5
59.2,8.5
59.0,8.5
58.8,8.5
58.7,8.5
58.5,8.5
58.3,8.5
58.2,8.5
58.0,8.5
57.8,8.5
57.7,8.5
57.5,8.5
57.3,8.5
57.2,8.5
57.0,8.5
56.8,8.5
56.7,8.5
56.5,8.5
56.3,8.5
56.2,8.5
56.0,8.5
55.8,8.5
55.7,8.5
55.5,8.5
55.3,8.5
55.2,8.5
55.0,8.5
54.8,8.5
54.7,8.5
54.5,8.5
54.3,8.5
54.2,8.5
54.0,8.5
53.8,8.5
53.7,8.5
53.5,8.3
53.3,8.3
53.2,8.3
53.0,8.3
52.8,8.3
52.8,8.2
52.7,8.2
52.5,8.2
52.3,8.3
52.2,8.5
52.0,8.5
52.0,8.7
51.8,8.8
51.7,9.0
51.5,9.0
51.5,9.2
51.3,9.2
51.3,9.3
51.2,9.3
51.0,9.5
50.8,9.7
50.7,9.7
50.7,9.8
50.5,10.0
50.3,10.0
50.3,10.2
50.2,10.3
50.0,10.5
50.0,10.7
49.8,10.8
49.8,11.0
49.7,11.0
49.7,11.2
49.7,11.3
49.5,11.3
49.5,11.5
49.3,11.5
49.3,11.7
49.2,11.7
49.2,11.8
49.0,12.0
49.0,12.2
48.8,12.2
48.8,12.3
48.7,12.3
48.7,12.5
48.5,12.7
48.5,12.8
48.3,12.8
48.3,13.0
48.3,13.2
48.2,13.2
48.2,13.3
48.0,13.3
48.0,13.5
48.0,13.7
47.8,13.7
47.8,13.8
47.7,14.0
47.7,14.2
47.5,14.2
47.5,14.3
47.3,14.3
47.3,14.5
47.2,14.5
47.2,14.7
47.0,14.7
47.0,14.8
46.8,15.0
46.7,15.0
46.7,15.2
46.5,15.3
46.3,15.3
46.3,15.5
46.2,15.5
46.0,15.5
46.0,15.7
45.8,15.7
45.7,15.8
45.7,16.0
45.5,16.0
45.5,16.2
45.3,16.2
45.3,16.3
45.2,16.3
45.2,16.5
45.0,16.5
45.0,16.7
44.8,16.7
44.8,16.8
44.7,16.8
44.5,17.0
44.3,17.2
44.2,17.2
44.0,17.3
43.8,17.5
43.7,17.7
43.5,17.7
43.3,17.8
43.2,18.0
43.0,18.2
42.8,18.3
42.7,18.3
42.7,18.5
42.5,18.5
42.5,18.7
42.3,18.7
42.2,18.8
42.0,18.8
42.0,19.0
41.8,19.0
41.8,19.2
41.7,19.2
41.7,19.3
41.5,19.3
41.3,19.3
41.3,19.5
41.2,19.5
41.2,19.7
41.0,19.7
40.8,19.8
40.7,19.8
40.7,20.0
40.5,20.0
40.5,20.2
40.3,20.2
40.2,20.3
40.0,20.3
40.0,20.5
39.8,20.5
39.8,20.7
39.7,20.7
39.7,20.8
39.5,20.8
39.5,21.0
39.3,21.0
39.3,21.2
39.2,21.2
39.2,21.3
39.0,21.3
39.0,21.5
38.8,21.5
38.8,21.7
38.7,21.7
38.5,21.7
38.5,21.8
38.3,21.8
38.3,22.0
38.2,22.0
38.2,22.2
38.0,22.2
37.8,22.3
37.7,22.5
37.5,22.7
37.3,22.8
37.2,22.8
37.2,23.0
37.0,23.0
37.0,23.2
36.8,23.2
36.8,23.3
36.7,23.3
36.7,23.5
36.5,23.5
36.3,23.5
36.3,23.7
36.2,23.7
36.2,23.8
36.0,23.8
35.8,23.8
35.8,24.0
35.7,24.0
35.7,24.2
35.5,24.2
35.3,24.3
35.2,24.3
35.2,24.5
35.0,24.5
34.8,24.5
34.7,24.7
34.5,24.7
34.3,24.8
34.2,24.8
34.0,24.8
33.8,25.0
33.7,25.0
33.5,25.0
33.5,25.2
33.3,25.2
33.2,25.2
33.0,25.2
32.8,25.2
32.7,25.3
32.5,25.3
32.3,25.3
32.3,25.5
32.2,25.5
32.0,25.5
31.8,25.5
31.8,25.7
31.7,25.7
31.7,25.8
31.5,25.8
31.5,26.0
31.3,26.0
31.3,26.2
31.3,26.3
31.2,26.3
31.0,26.3
31.0,26.5
30.8,26.5
30.7,26.5
30.5,26.5
30.3,26.5
30.3,26.7
30.2,26.7
30.0,26.7
29.8,26.7
29.7,26.7
29.5,26.5
29.5,26.3
29.3,26.2
29.3,26.0
29.2,26.0
29.2,25.8
29.2,25.7
29.0,25.5
29.0,25.3
28.8,25.3
28.8,25.2
28.8,25.0
28.7,25.0
28.7,24.8
28.7,24.7
28.7,24.5
28.5,24.5
28.5,24.3
28.5,24.2
28.5,24.0
28.3,24.0
28.3,23.8
28.3,23.7
28.3,23.5
28.2,23.5