31.3,21.5
31.3,21.7
31.5,21.7
31.5,21.8
31.7,21.8
31.7,22.0
31.7,22.2
31.8,22.2
31.8,22.3
31.8,22.5
32.0,22.5
32.0,22.7
32.0,22.8
32.2,23.0
32.2,23.2
32.2,23.3
32.3,23.3
32.3,23.5
32.3,23.7
32.5,23.7
32.5,23.8
32.5,24.0
32.5,24.2
32.5,24.3
32.7,24.3
32.7,24.5
32.7,24.7
32.7,24.8
32.8,24.8
32.8,25.0
32.8,25.2
32.8,25.3
32.8,25.5
32.8,25.7
33.0,25.7
33.0,25.8
33.0,26.0
33.0,26.2
33.0,26.3
33.0,26.5
33.2,26.7
33.2,26.8
33.2,27.0
33.2,27.2
33.3,27.3
33.3,27.5
33.3,27.7
33.3,27.8
33.3,28.0
33.5,28.0
33.5,28.2
33.5,28.3
33.5,28.5
33.5,28.7
33.7,28.8
33.7,29.0
33.7,29.2
33.7,29.3
33.7,29.5
33.7,29.7
33.8,29.7
33.8,29.8
33.8,30.0
33.8,30.2
33.8,30.3
33.8,30.5
34.0,30.7
34.0,30.8
34.0,31.0
34.0,31.2
34.0,31.3
34.0,31.5
34.0,31.7
34.0,31.8
34.0,32.0
34.0,32.2
34.0,32.3
34.0,32.5
34.0,32.7
34.0,32.8
34.0,33.0
34.0,33.2
34.0,33.3
34.0,33.5
34.0,33.7
34.0,34.0
34.0,34.3
34.0,34.5
34.0,34.7
34.0,34.8
34.0,35.2
34.0,35.5
34.0,35.8
34.0,36.0
34.0,36.2
34.0,36.3
34.0,36.5
34.0,36.7
34.0,36.8
34.0,37.0
34.0,37.2
34.0,37.3
34.0,37.5
34.0,37.7
34.0,37.8
34.0,38.0
34.0,38.3
34.0,38.5
33.8,38.7
33.8,38.8
33.8,39.0
33.8,39.2
33.8,39.3
33.7,39.5
33.7,39.7
33.5,39.7
33.5,39.8
33.5,40.0
33.5,40.2
33.5,40.3
33.3,40.3
33.3,40.5
33.3,40.7
33.2,40.8
33.2,41.0
33.2,41.2
33.2,41.3
33.0,41.5
33.0,41.7
33.0,41.8
32.8,42.0
32.8,42.2
32.8,42.3
32.7,42.5
32.7,42.7
32.7,42.8
32.5,42.8
32.5,43.0
32.3,43.0
32.2,43.0
32.2,43.2
32.0,43.2
32.0,43.3
31.8,43.3
31.7,43.3
31.7,43.5
31.5,43.5
31.5,43.7
31.3,43.7
31.2,43.7
31.2,43.8
31.0,43.8
30.8,43.8
30.7,43.8
30.7,44.0
30.5,44.0
30.3,44.0
30.3,44.2
30.2,44.2
30.0,44.2
29.8,44.2
29.7,44.2
29.7,44.3
29.5,44.3
29.3,44.3
29.2,44.3
29.2,44.5
29.0,44.5
28.8,44.5
28.7,44.5
28.5,44.5
28.3,44.5
28.2,44.5
28.0,44.5
27.8,44.5
27.7,44.5
27.7,44.7
27.5,44.7
27.3,44.7
27.2,44.7
27.0,44.7
26.8,44.7
26.7,44.7
26.5,44.7
26.3,44.7
26.2,44.7
26.0,44.7
25.8,44.7
25.7,44.7
25.5,44.7
25.5,44.8
25.3,44.8
25.2,44.8
25.0,44.8
24.8,44.8
24.7,44.8
24.5,44.8
24.3,44.8
24.2,44.8
24.0,44.8
23.8,44.8
23.7,44.8
23.7,44.7
23.5,44.7
23.3,44.7
23.2,44.7
23.2,44.5
23.0,44.5
22.8,44.5
22.8,44.3
22.7,44.3
22.5,44.3
22.5,44.2
22.3,44.2
22.2,44.0
22.0,44.0
22.0,43.8
21.8,43.8
21.8,43.7
21.7,43.7
21.7,43.5
21.5,43.5
21.3,43.3
21.3,43.2
21.2,43.2
21.2,43.0
21.0,43.0
21.0,42.8
20.8,42.8
20.8,42.7
20.7,42.7
20.7,42.5
20.5,42.5
20.5,42.3
20.5,42.2
20.3,42.2
20.2,42.0
20.2,41.8
20.0,41.7
20.0,41.5
19.8,41.5
19.8,41.3
19.8,41.2
19.7,41.2
19.7,41.0
19.5,41.0
19.5,40.8
19.5,40.7
19.3,40.7
19.3,40.5
19.2,40.3
19.2,40.2
19.2,40.0
19.0,40.0
19.0,39.8
18.8,39.8
18.8,39.7
18.8,39.5
18.7,39.3
18.7,39.2
18.5,39.2
18.5,39.0
18.5,38.8
18.5,38.7
18.5,38.5
18.3,38.5
18.3,38.3
18.3,38.2
18.2,38.2
18.2,38.0
18.2,37.8
18.2,37.7
18.0,37.7
18.0,37.5
18.0,37.3
17.8,37.3
17.8,37.2
17.8,37.0
17.8,36.8
17.8,36.7
17.7,36.5
17.7,36.3
17.7,36.2
17.5,36.2
17.5,36.0
17.5,35.8
17.5,35.7
17.5,35.5
17.3,35.5
17.3,35.3
17.3,35.2
17.2,35.2
17.2,35.0
17.2,34.8
17.2,34.7
17.0,34.7
17.0,34.5
17.0,34.3
17.0,34.2
17.0,34.0
16.8,34.0
16.8,33.8
16.8,33.7
16.8,33.5
16.7,33.3
16.7,33.2
16.7,33.0
16.7,32.8
16.7,32.7
16.5,32.7
16.3,32.7
16.2,32.7
16.0,32.7
15.8,32.7
15.7,32.7
15.5,32.7
15.3,32.7
15.2,32.7
15.0,32.7
15.0,32.8
14.8,32.8
14.7,33.0
14.5,33.0
14.5,33.2
14.3,33.2
14.3,33.3
14.2,33.3
14.0,33.3
14.0,33.5
14.0,33.7
13.8,33.7
13.7,33.7
13.7,33.8
13.5,33.8
13.5,34.0
13.3,34.2
13.2,34.2
13.2,34.3
13.0,34.5
13.0,34.7
12.8,34.7
12.8,34.8
12.7,34.8
12.7,35.0
12.5,35.0
12.3,35.0
12.3,35.2
12.2,35.2
12.2,35.3
12.0,35.3
11.8,35.3
11.8,35.5
11.7,35.5
11.5,35.5
11.3,35.5
11.3,35.7
11.2,35.7
11.0,35.7
10.8,35.7
10.7,35.7
10.5,35.7
10.3,35.7
10.3,35.5
10.3,35.3
10.3,35.2
10.3,35.0
10.2,35.0
10.2,34.8
10.2,34.7
10.2,34.5
10.2,34.3
10.2,34.2
10.2,34.0
10.2,33.8
10.3,33.8
10.5,33.8
10.7,33.8
10.8,33.8
11.0,33.8
11.0,34.0
11.2,34.0
11.2,34.2
11.3,34.2
11.5,34.2
11.7,34.2
11.8,34.2
12.0,34.2
12.2,34.2
12.3,34.2
12.5,34.2
12.5,34.0
12.7,34.0
12.7,33.8
12.7,33.7
12.7,33.5
12.7,33.3
12.8,33.3
12.8,33.2
13.0,33.2
13.0,33.0
13.2,33.0
13.3,33.0
13.3,32.8
13.5,32.8
13.7,32.8
13.7,32.7
13.8,32.7
14.0,32.7
14.0,32.5
14.2,32.5
14.3,32.5
14.3,32.3
14.5,32.3
14.7,32.3
14.8,32.3
14.8,32.2
15.0,32.2
15.2,32.2
15.3,32.2
15.5,32.2
15.7,32.2
15.8,32.2
15.8,32.0
15.7,32.0
16.7,31.8
16.7,31.7
16.7,31.5
16.7,31.3
16.5,31.2
16.5,30.8
16.5,30.7
16.3,30.3
16.3,30.2
16.3,29.8
16.2,29.7
16.2,29.5
16.2,29.2
16.0,29.0
16.0,28.8
16.0,28.7
16.0,28.5
16.0,28.3
16.0,28.2
16.0,28.0
16.0,27.8
16.0,27.7
16.0,27.5
15.8,27.5
15.8,27.3
15.8,27.2
15.8,27.0
15.8,26.8
15.8,26.7
15.8,26.5
15.8,26.2
15.8,25.8
15.8,25.7
15.8,25.5
15.8,25.3
15.8,25.2
15.8,25.0
15.8,24.8
15.8,24.7
15.8,24.5
15.8,24.3
15.8,24.2
15.8,24.0
15.8,23.8
15.8,23.5
15.8,23.3
15.8,23.2
15.8,23.0
15.8,22.8
15.8,22.7
15.8,22.5
15.8,22.3
15.8,22.2
16.0,22.0
16.0,21.8
16.0,21.7
16.0,21.5
16.0,21.3
16.0,21.2
16.0,21.0
16.2,21.0
16.2,20.8
16.2,20.7
16.2,20.5
16.2,20.3
16.3,20.2
16.3,20.0
16.3,19.8
16.3,19.7
16.3,19.5
16.3,19.3
16.5,19.2
16.5,18.8
16.5,18.7
16.5,18.5
16.7,18.3
16.7,18.2
16.7,18.0
16.8,18.0
16.8,17.8
16.8,17.7
16.8,17.5
17.0,17.5
17.0,17.3
17.0,17.2
17.0,17.0
17.2,17.0
17.2,16.8
17.2,16.7
17.3,16.7
17.3,16.5
17.3,16.3
17.5,16.2
17.5,16.0
17.5,15.8
17.7,15.7
17.7,15.5
17.7,15.3
17.8,15.2
17.8,15.0
17.8,14.8
18.0,14.8
18.0,14.7
18.2,14.5
18.2,14.3
18.3,14.2
18.3,14.0
18.3,13.8
18.5,13.8
18.5,13.7
18.7,13.5
18.7,13.3
18.8,13.2
18.8,13.0
19.0,13.0
19.0,12.8
19.2,12.7
19.2,12.5
19.3,12.3
19.3,12.2
19.5,12.0
19.7,12.0
19.7,11.8
19.8,11.7
19.8,11.5
20.0,11.5
20.0,11.3
20.2,11.2
20.2,11.0
20.3,11.0
20.3,10.8
20.5,10.8
20.5,10.7
20.5,10.5
20.7,10.5
20.7,10.3
20.8,10.2
20.8,10.0
21.0,10.0
21.0,9.8
21.2,9.7
21.3,9.5
21.3,9.3
21.5,9.3
21.5,9.2
21.7,9.2
21.7,9.0
21.7,8.8
21.8,8.8
22.0,8.7
22.0,8.5
22.2,8.5
22.2,8.3
22.3,8.3
22.3,8.2
22.3,8.0
22.5,8.0
22.5,7.8
22.7,7.7
22.7,7.5
22.8,7.5
22.8,7.3
23.0,7.3
23.0,7.2
23.2,7.2
23.2,7.0
23.3,7.0
23.3,6.8
23.5,6.7
23.7,6.7
23.7,6.5
23.8,6.5
23.8,6.3
24.0,6.3
24.0,6.2
24.2,6.2
24.2,6.0
24.3,6.0
24.3,5.8
24.5,5.8
24.5,5.7
24.7,5.7
24.8,5.7
24.8,5.5
25.0,5.5
25.0,5.3
25.2,5.3
25.3,5.3
25.3,5.2
25.5,5.2
25.7,5.2
25.7,5.0
25.8,5.0
25.8,4.8
26.0,4.8
26.2,4.7
26.3,4.7
26.5,4.7
26.7,4.7
26.7,4.5
26.8,4.5
27.0,4.5
27.0,4.3
27.2,4.3
27.2,4.2
27.3,4.2
27.5,4.0
27.7,4.0
27.8,3.8
28.0,3.8
28.0,3.7
28.2,3.7
28.3,3.7
28.5,3.5
28.7,3.5
28.7,3.3
28.8,3.3
29.0,3.3
29.0,3.2
29.2,3.2
29.3,3.2
29.5,3.0
29.7,3.0
29.8,3.0
30.0,3.0
30.2,3.0
30.3,3.0
30.5,3.0
30.7,3.0
30.8,3.0
31.0,3.0
31.2,3.0
31.3,3.0
31.5,3.0
31.7,3.0
31.8,3.0
32.0,3.0
32.2,3.0
32.3,2.8
32.5,2.8
32.7,2.8
32.8,2.8
33.0,2.8
33.2,2.8
33.2,2.7
33.3,2.7
33.5,2.7
33.7,2.7
33.8,2.7
34.0,2.7
34.2,2.7
34.3,2.7
34.5,2.7
34.7,2.7
34.8,2.7
35.0,2.7
35.2,2.7
35.3,2.7
35.5,2.7
35.7,2.7
35.8,2.7
36.0,2.8
36.2,2.8
36.3,2.8
36.5,2.8
36.7,2.8
36.8,2.8
37.0,2.8
37.2,2.8
37.3,2.8
37.5,2.8
37.7,2.8
37.8,2.8
38.0,2.8
38.2,2.8
38.2,3.0
38.3,3.0
38.5,3.0
38.7,3.0
38.8,3.0
39.0,3.0
39.2,3.2
39.3,3.2
39.5,3.2
39.7,3.2
39.8,3.2
39.8,3.3
40.0,3.3
40.2,3.3
40.3,3.5
40.5,3.5
40.7,3.5
40.8,3.5
41.0,3.5
41.2,3.5
41.3,3.5
41.5,3.5
41.7,3.5
41.8,3.7
42.0,3.7
42.2,3.7
42.2,3.8
42.3,3.8
42.5,3.8
42.7,3.8
42.8,4.0
43.0,4.0
43.2,4.2
43.3,4.2
43.5,4.2
43.5,4.3
43.7,4.3
43.8,4.3
43.8,4.5
44.0,4.5
44.2,4.5
44.2,4.7
44.3,4.7
44.5,4.7
44.5,4.8
44.7,4.8
44.7,5.0
44.8,5.0
45.0,5.0
45.0,5.2
45.2,5.2
45.2,5.3
45.3,5.3
45.3,5.5
45.5,5.5
45.5,5.7
45.7,5.7
45.8,5.8
46.0,5.8
46.0,6.0
46.2,6.0
46.2,6.2
46.3,6.2
46.3,6.3
46.5,6.3
46.5,6.5
46.7,6.5
46.7,6.7
46.8,6.7
46.8,6.8
47.0,6.8
47.2,7.0
47.3,7.0
47.3,7.2
47.5,7.2
47.7,7.2
47.7,7.3
47.8,7.3
48.0,7.3
48.0,7.5
48.2,7.5
48.2,7.7
48.3,7.7
48.5,7.7
48.5,7.8
48.7,7.8
48.8,7.8
49.0,7.8
49.0,7.7
49.0,7.5
49.0,7.3
49.0,7.2
49.0,7.0
49.2,6.8
49.2,6.7
49.2,6.5
49.3,6.5
49.3,6.3
49.3,6.2
49.5,6.2
49.5,6.0
49.5,5.8
49.7,5.8
49.7,5.7
49.7,5.5
49.8,5.5
49.8,5.3
49.8,5.2
50.0,5.2
50.0,5.0
50.2,5.0
50.2,4.8
50.3,4.7
50.5,4.5
50.5,4.3
50.7,4.3
50.7,4.2
50.8,4.2
51.0,4.2
51.0,4.0
51.2,4.0
51.3,4.0
51.5,4.0
51.7,4.0
51.8,4.0
52.0,4.0
52.0,4.2
52.2,4.2
52.3,4.2
52.5,4.2
52.5,4.3
52.7,4.3
52.7,4.5
52.8,4.5
52.8,4.7
52.8,4.8
53.0,4.8
53.0,5.0
53.2,5.0
53.2,5.2
53.2,5.3
53.2,5.5
53.3,5.5
53.3,5.7
53.3,5.8
53.3,6.0
53.5,6.0
53.5,6.2
53.5,6.3
53.5,6.5
53.5,6.7
53.5,6.8
53.5,7.0
53.5,7.2
53.7,7.2
53.7,7.3
53.7,7.5
53.8,7.5
53.8,7.7
53.8,7.8
54.0,8.0
54.0,8.2
54.0,8.3
54.0,8.5
54.0,8.7
54.0,8.8
54.0,9.0
54.2,9.0
54.2,9.2
54.2,9.3
54.2,9.5
54.2,9.7
54.2,9.8
54.2,10.0
54.2,10.2
54.2,10.3
54.2,10.5
54.2,10.7
54.3,10.7
54.3,10.8
54.3,11.0
54.3,11.2
54.3,11.3
54.3,11.5
54.3,11.7
54.3,11.8
54.3,12.0
54.3,12.2
54.3,12.3
54.5,12.3
54.5,12.5
54.5,12.7
54.5,12.8
54.5,13.0
54.5,13.2
54.5,13.3
54.5,13.5
54.7,13.7
54.7,13.8
54.7,14.0
54.7,14.2
54.7,14.3
54.7,14.5
54.7,14.7
54.8,14.7
54.8,14.8
54.8,15.0
54.8,15.2
54.8,15.3
54.8,15.5
54.8,15.7
54.8,15.8
54.8,16.0
54.8,16.2
54.8,16.3
54.8,16.5
54.8,16.7
54.8,16.8
54.8,17.0
54.8,17.2
54.8,17.3
54.8,17.5
54.8,17.7
54.8,17.8
54.8,18.0
54.8,18.2
54.8,18.3
54.8,18.5
54.8,18.7
54.8,18.8
54.8,19.0
54.8,19.2
54.8,19.3
54.8,19.5
54.8,19.7
54.8,19.8
54.8,20.0
54.8,20.2
54.8,20.3
54.8,20.5
54.8,20.7
54.8,20.8
54.8,21.0
54.7,21.2
54.7,21.3
54.5,21.3
54.5,21.5
54.3,21.5
54.3,21.7
54.2,21.7
54.2,21.8
54.0,21.8
54.0,22.0
53.8,22.0
53.7,22.0
53.5,22.0
53.3,22.0
53.2,22.0
53.0,22.0
52.8,22.0
52.7,22.0
52.5,22.0
52.3,22.0
52.2,22.0
52.0,22.0
51.8,22.0
51.7,22.0
51.5,21.8
51.3,21.8
51.3,21.7
51.2,21.7
51.0,21.5
50.8,21.5
50.8,21.3
50.7,21.3
50.5,21.2
50.5,21.0
50.3,21.0
50.3,20.8
50.2,20.7
50.2,20.5
50.2,20.3
50.0,20.3
50.0,20.2
50.0,20.0
49.8,20.0
49.8,19.8
49.8,19.7
49.8,19.5
49.8,19.3
49.7,19.3
49.7,19.2
49.7,19.0
49.7,18.8
49.5,18.7
49.5,18.5
49.5,18.3
49.5,18.2
49.3,18.0
49.3,17.8
49.3,17.5
49.3,17.2
49.2,17.2
49.2,17.0
49.2,16.8
49.2,16.7
49.2,16.5
49.2,16.3
49.2,16.2
49.0,16.2
49.0,16.0
49.0,15.8
49.0,15.7
49.0,15.5
49.0,15.3
49.0,15.2
49.0,14.8
49.0,14.7
49.0,14.5
49.0,14.3
49.0,14.2
49.0,14.0
49.0,13.8
48.8,13.7
48.8,13.5
48.8,13.3
48.8,13.2
48.8,13.0
48.8,12.8
48.8,12.5
48.8,12.3
48.8,12.2
48.8,12.0
48.8,11.8
48.8,11.7
48.8,11.5
48.8,11.3
48.8,11.2
48.8,11.0
48.8,10.8
48.8,10.7
48.8,10.5
48.8,10.3
48.8,10.2
49.0,10.2
49.0,10.0
49.0,9.8
49.0,9.7
49.0,9.5
49.0,9.3
49.0,9.2
49.0,9.0
49.2,9.0
49.2,8.8
49.2,8.7
49.2,8.5
49.3,8.3
49.5,8.3
49.5,8.2
49.7,8.0
49.8,8.0
49.8,7.8
50.0,7.8
50.0,7.7
50.2,7.7
50.2,7.5
50.3,7.5
50.5,7.5
50.7,7.5
50.8,7.5
51.0,7.5
51.2,7.5
51.3,7.5
51.5,7.5
51.7,7.5
51.8,7.5
52.0,7.5
52.2,7.5
52.3,7.5
52.3,7.7
52.5,7.7
52.5,7.8
52.7,8.0
52.7,8.2
52.8,8.3
52.8,8.5
53.0,8.7
53.0,8.8
53.0,9.0
53.2,9.0
53.2,9.2
53.2,9.3
53.2,9.5
53.3,9.5
53.3,9.7
53.3,9.8
53.3,10.0
53.5,10.2
53.5,10.3
53.5,10.5
53.5,10.7
53.5,10.8
53.5,11.0
53.5,11.2
53.5,11.3
53.5,11.5
53.5,11.7
53.7,11.7
53.7,11.8
53.7,12.0
53.7,12.2
53.7,12.3
53.7,12.5
53.7,12.7
53.7,12.8
53.7,13.0
53.7,13.2
53.8,13.5
53.8,13.8
53.8,14.3
53.8,14.7
53.8,15.0
53.8,15.5
53.8,15.8
53.8,16.2
53.8,16.5
53.8,16.7
53.8,16.8
53.8,17.0
53.8,17.3
53.8,17.5
53.8,17.7
53.8,17.8
53.8,18.0
53.8,18.2
53.8,18.3
53.8,18.5
53.8,18.7
53.8,18.8
53.8,19.0
53.8,19.2
53.8,19.3
53.8,19.5
53.8,19.7
53.8,19.8
53.7,19.8
53.7,20.0
53.7,20.2
53.7,20.3
53.5,20.3
53.5,20.5
53.5,20.7
53.3,20.7
53.3,20.8
53.2,20.8
53.0,20.8
52.8,20.8
52.7,20.8
52.5,20.8
52.3,20.8
52.2,20.8
52.0,20.8
51.8,20.8
51.8,20.7
51.8,20.5
51.7,20.5
51.7,20.3
51.5,20.3
51.5,20.2
51.5,20.0
51.5,19.8
51.3,19.8
51.3,19.7
51.2,19.5
51.2,19.3
51.2,19.2
51.0,19.0
51.0,18.8
51.0,18.7
50.8,18.5
50.8,18.3
50.7,18.2
50.7,18.0
50.5,17.8
50.5,17.7
50.5,17.5
50.3,17.5
50.3,17.3
50.3,17.2
50.3,17.0
50.3,16.8
50.2,16.8
50.2,16.7
50.2,16.5
50.2,16.3
50.2,16.2
50.2,16.0
50.2,15.7
50.2,15.5
50.2,15.3
50.2,15.2
50.2,14.8
50.2,14.5
50.2,14.2
50.2,13.8
50.2,13.7
50.2,13.3
50.2,13.2
50.2,12.8
50.2,12.7
50.2,12.5
50.2,12.3
50.2,12.2
50.2,12.0
50.2,11.8
50.3,11.7
50.3,11.5
50.3,11.3
50.3,11.2
50.3,11.0
50.3,10.8
50.3,10.7
50.3,10.5
50.3,10.3
50.5,10.3
50.5,10.2
50.7,10.2
50.7,10.0
50.8,10.0
50.8,9.8
51.0,9.7
51.2,9.7
51.3,9.7
51.3,9.5
51.5,9.5
51.7,9.5
51.8,9.5
52.0,9.5
52.2,9.5
52.3,9.7
52.5,9.7
52.5,9.8
52.7,9.8
52.7,10.0
52.8,10.0
52.8,10.2
52.8,10.3
53.0,10.3
53.0,10.5
53.0,10.7
53.0,10.8
53.0,11.0
53.2,11.2
53.2,11.3
53.2,11.5
53.2,11.7
53.2,11.8
53.3,12.0
53.3,12.2
53.3,12.3
53.3,12.5
53.3,12.8
53.3,13.0
53.3,13.3
53.3,13.5
53.5,13.8
53.5,14.2
53.5,14.5
53.5,14.8
53.5,15.0
53.5,15.3
53.5,15.7
53.5,15.8
53.5,16.0
53.5,16.2
53.5,16.3
53.5,16.5
53.5,16.7
53.5,16.8
53.5,17.0
53.5,17.2
53.5,17.3
53.5,17.5
53.5,17.7
53.5,17.8
53.5,18.0
53.5,18.2
53.5,18.3
53.5,18.5
53.3,18.7
53.3,18.8
53.2,18.8
53.2,19.0
53.0,19.2
52.8,19.2
52.7,19.2
52.7,19.0
52.7,18.8
52.5,18.7
52.5,18.5
52.3,18.3
52.2,18.2
52.2,18.0
52.0,17.8
51.8,17.7
51.8,17.5
51.7,17.3
51.5,17.2
51.5,17.0
51.5,16.7
51.3,16.5
51.2,16.3
51.2,16.2
51.2,16.0
51.0,16.0
51.0,15.7
50.8,15.5
50.8,15.3
50.8,15.2
50.8,15.0
50.7,15.0
50.7,14.8
50.7,14.7
50.7,14.5
50.7,14.3
50.7,14.0
50.5,13.8
50.5,13.7
50.5,13.5
50.5,13.3
50.5,13.2
50.5,13.0
50.5,12.8
50.5,12.7
50.5,12.5
50.5,12.3
50.5,12.2
50.5,12.0
50.5,11.8
50.5,11.7
50.5,11.5
50.5,11.3
50.7,11.2
50.8,11.2
50.8,11.0
51.0,11.0
51.2,11.0
51.3,11.0
51.5,11.0
51.5,11.2
51.7,11.2
51.7,11.3
51.8,11.3
51.8,11.5
52.0,11.5
52.0,11.7
52.2,11.7
52.2,11.8
52.2,12.0
52.2,12.2
52.2,12.3
52.2,12.5
52.2,12.7
52.2,12.8
52.2,13.0
52.2,13.2
52.2,13.3
52.2,13.5
52.2,13.7
52.2,13.8
52.2,14.0
52.2,14.2
52.2,14.3
52.2,14.5
52.2,14.7
52.2,14.8
52.2,15.0
52.2,15.2
52.2,15.3
52.2,15.5
52.2,15.7
52.2,15.8
52.2,16.0
52.2,16.2
52.2,16.3
52.2,16.2
52.2,16.0
52.2,15.8
52.2,15.7
52.2,15.5
52.0,15.5
52.0,15.3
52.0,15.2
52.0,15.0
52.0,14.8
52.0,14.7
51.8,14.7
51.8,14.5
51.8,14.3
51.8,14.2
51.8,14.0
51.7,14.0
51.7,13.8
51.7,13.7
51.7,13.5
51.7,13.3
51.7,13.2
51.5,13.0
51.5,12.8
51.5,12.7
51.5,12.5
51.5,12.3
51.5,12.2
51.3,12.2
51.3,12.0
51.3,11.8
51.2,11.8
51.2,11.7
51.2,11.5
51.0,11.5
51.0,11.3
50.8,11.3
50.7,11.3
50.5,11.3
50.3,11.3
50.2,11.3
50.2,11.5
50.0,11.5
49.8,11.7
49.7,11.8
49.5,11.8
49.5,12.0
49.3,12.0
49.2,12.0
49.2,12.2
49.0,12.2
49.0,12.3
48.8,12.3
48.8,12.5
48.7,12.5
48.5,12.5
48.5,12.7
48.3,12.8
48.2,12.8
48.2,13.0
48.0,13.0
47.8,13.2
47.7,13.2
47.7,13.3
47.5,13.5
47.3,13.7
47.2,13.7
47.2,13.8
47.0,13.8
47.0,14.0
46.8,14.0
46.7,14.2
46.7,14.3
46.5,14.3
46.3,14.5
46.2,14.7
46.0,14.8
45.8,15.0
45.7,15.2
45.7,15.3
45.5,15.5
45.3,15.7
45.2,15.8
45.0,16.0
44.8,16.0
44.8,16.2
44.7,16.2
44.5,16.3
44.5,16.5
44.3,16.5
44.2,16.7
44.0,16.7
44.0,16.8
43.8,16.8
43.8,17.0
43.7,17.0
43.7,17.2
43.5,17.2
43.3,17.3
43.2,17.5
43.0,17.7
42.8,17.7
42.8,17.8
42.5,17.8
42.5,18.0
42.2,18.2
41.8,18.3
41.8,18.5
41.7,18.7
41.5,18.7
41.3,18.8
41.2,19.0
41.0,19.2
40.8,19.3
40.7,19.5
40.5,19.5
40.5,19.7
40.3,19.7
40.3,19.8
40.2,20.0
40.0,20.0
40.0,20.2
39.8,20.2
39.8,20.3
39.7,20.3
39.5,20.5
39.3,20.5
39.3,20.7
39.2,20.7
39.0,20.8
38.8,21.0
38.7,21.0
38.7,21.2
38.5,21.2
38.3,21.3
38.2,21.3
38.2,21.5
38.0,21.5
37.8,21.7
37.7,21.7
37.7,21.8
37.5,21.8
37.3,22.0
37.2,22.2
37.0,22.2
37.0,22.3
36.8,22.3
36.7,22.5
36.5,22.7
36.3,22.7
36.2,22.7
36.0,22.8
35.8,22.8
35.8,23.0
35.7,23.0
35.7,23.2
35.5,23.2
35.3,23.2
35.3,23.3
35.2,23.3
35.0,23.3
35.0,23.5
34.8,23.5
34.7,23.5
34.7,23.7
34.5,23.7
34.3,23.7
34.3,23.8
34.2,23.8
34.0,23.8
34.0,24.0
33.8,24.0
33.7,24.0
33.5,24.2
33.3,24.2
33.2,24.2
33.0,24.2
32.8,24.2
32.5,24.2
32.3,24.2
32.2,24.2
32.0,24.2
31.7,24.2
31.5,24.2
31.3,24.2
31.2,24.2
30.8,24.2
30.5,24.2
30.2,24.2
30.0,24.0
29.8,24.0
29.7,24.0
29.7,23.8
29.5,23.8
29.3,23.8
29.3,23.7
29.2,23.7
29.2,23.5
29.0,23.5
29.0,23.3
28.8,23.3
28.8,23.2
28.7,23.2
28.5,23.2
28.5,23.0
28.3,23.0
28.3,22.8
28.2,22.8
28.0,22.7
27.8,22.7
27.7,22.7
27.7,22.5
27.5,22.5
27.3,22.5
27.3,22.3
27.2,22.3
27.0,22.3
26.8,22.3
26.8,22.2
26.7,22.2
26.5,22.2
26.3,22.2
26.2,22.0
26.0,22.0
25.8,22.0
25.7,22.0
25.5,22.0
25.3,22.0
25.2,22.0
25.0,22.0
24.8,22.0
24.7,22.0
24.5,22.0
24.3,22.0
24.2,22.0
24.0,22.0
23.8,22.0
23.7,22.0
23.5,22.0
23.5,22.2
23.3,22.2
23.2,22.2
23.0,22.3
23.0,22.5
22.8,22.5
22.7,22.7
22.5,22.7
22.5,22.8
22.3,22.8
22.3,23.0
22.2,23.0
22.0,23.2
21.8,23.3
21.7,23.5
21.7,23.7
21.5,23.7
21.3,23.7
21.3,23.8
21.3,24.0
21.2,24.0
21.2,24.2
21.0,24.2
21.0,24.3
21.0,24.5
20.8,24.5
20.8,24.7
20.7,24.7
20.7,24.8
20.5,25.0
20.5,25.2
20.5,25.3
20.3,25.3
20.3,25.5
20.3,25.7
20.3,25.8
20.2,25.8
20.2,26.0
20.2,26.2
20.2,26.3
20.2,26.5
20.2,26.7
20.0,26.8
20.0,27.0
20.0,27.2
20.0,27.3
20.0,27.7
20.0,28.0
20.0,28.3
20.0,28.5
20.0,28.7
20.0,28.8
20.0,29.0
20.0,29.2
20.0,29.3
20.0,29.5
20.0,29.7
20.0,29.8
20.0,30.0
20.0,30.2
20.0,30.3
20.0,30.5
20.0,30.7
20.0,30.8
20.0,31.0
20.0,31.2
20.0,31.3
20.0,31.5
20.0,31.7
20.0,31.8
20.0,32.0
20.2,32.2
20.2,32.3
20.2,32.5
20.2,32.7
20.2,32.8
20.2,33.0
20.3,33.0
20.3,33.2
20.3,33.3
20.5,33.5
20.5,33.7
20.5,33.8
20.7,33.8
20.7,34.0
20.7,34.2
20.8,34.2
20.8,34.3
21.0,34.3
21.0,34.5
21.0,34.7
21.2,34.8
21.3,35.0
21.3,35.2
21.5,35.2
21.5,35.3
21.5,35.5
21.5,35.7
21.7,35.7
21.7,35.8
21.8,35.8
21.8,36.0
21.8,36.2
22.0,36.2
22.2,36.3
22.2,36.5
22.3,36.5
22.3,36.7
22.5,36.8
22.5,37.0
22.7,37.0
22.7,37.2
22.7,37.3
22.8,37.3
22.8,37.5
23.0,37.5
23.0,37.7
23.2,37.7
23.2,37.8
23.2,38.0
23.3,38.0
23.3,38.2
23.5,38.2
23.5,38.3
23.5,38.5
23.7,38.5
23.7,38.7
23.8,38.7
23.8,38.8
24.0,38.8
24.0,39.0
24.2,39.0
24.2,39.2
24.3,39.2
24.3,39.3
24.5,39.3
24.5,39.5
24.7,39.5
24.7,39.7
24.8,39.7
24.8,39.8
25.0,39.8
25.2,40.0
25.3,40.0
25.5,40.2
25.7,40.2
25.8,40.2
26.0,40.2
26.2,40.2
26.3,40.2
26.5,40.2
26.7,40.2
26.8,40.2
27.0,40.2
27.0,40.0
27.2,40.0
27.3,40.0
27.3,39.8
27.5,39.8
27.7,39.8
27.7,39.7
27.8,39.7
27.8,39.5
28.0,39.5
28.0,39.3
28.2,39.3
28.2,39.2
28.3,39.2
28.3,39.0
28.5,38.8
28.5,38.7
28.7,38.7
28.7,38.5
28.8,38.3
28.8,38.2
29.0,38.0
29.0,37.8
29.2,37.7
29.2,37.5
29.3,37.3
29.3,37.2
29.3,37.0
29.3,36.8
29.3,36.7
29.3,36.5
29.5,36.3
29.5,36.2
29.5,36.0
29.5,35.8
29.5,35.7
29.5,35.5
29.5,35.3
29.5,35.2
29.5,35.0
29.5,34.8
29.5,34.7
29.5,34.3
29.7,34.3
29.7,34.2
29.7,34.0
29.7,33.8
29.7,33.7
29.7,33.5
29.7,33.3
29.7,33.2
29.7,33.0
29.7,32.8
29.7,32.7
29.7,32.3
29.7,32.2
29.7,32.0
29.7,31.8
29.7,31.7
29.7,31.5
29.7,31.3
29.7,31.2
29.7,31.0
29.7,30.8
29.7,30.7
29.7,30.3
29.7,30.2
29.7,30.0
29.7,29.8
29.5,29.7
29.5,29.5
29.5,29.3
29.5,29.2
29.3,29.0
29.3,28.8
29.3,28.7
29.3,28.5
29.3,28.3
29.3,28.2
29.3,28.0
29.3,27.8
29.2,27.8
29.2,27.7
29.2,27.5
29.0,27.5
29.0,27.3
29.0,27.2
29.0,27.0
29.0,26.8
28.8,26.7
28.8,26.3
28.7,26.0
28.7,25.8
28.7,25.7
28.5,25.5
28.5,25.3
28.3,25.2
28.3,25.0
28.2,25.0
28.2,24.8
28.0,24.8
28.0,24.7
27.8,24.7
27.7,24.7
27.7,24.5
27.5,24.5
27.3,24.3
27.2,24.3
27.0,24.3
27.0,24.2
26.8,24.2
26.7,24.2
26.5,24.0
26.3,24.0
26.2,24.0
26.0,24.0
25.8,24.0
25.7,24.0
25.5,24.0
25.3,24.0
25.2,24.0
25.0,24.0
24.8,24.0
24.8,24.2
24.7,24.2
24.5,24.2
24.5,24.3
24.3,24.3
24.2,24.3
24.0,24.3
24.0,24.5
23.8,24.5
23.7,24.5
23.5,24.7
23.3,24.8
23.2,24.8
23.2,25.0
23.0,25.0
23.0,25.2
23.0,25.3
22.8,25.3
22.8,25.5
22.8,25.7
22.7,25.7
22.7,25.8
22.7,26.0
22.7,26.2
22.5,26.3
22.5,26.5
22.5,26.7
22.3,26.8
22.3,27.0
22.2,27.2
22.2,27.3
22.2,27.5
22.0,27.7
22.0,27.8
22.0,28.0
21.8,28.0
21.8,28.2
21.8,28.3
21.8,28.5
21.7,28.5
21.7,28.7
21.7,28.8
21.7,29.0
21.5,29.0
21.5,29.2
21.5,29.3
21.5,29.5
21.5,29.7
21.5,29.8
21.5,30.0
21.5,30.2
21.5,30.3
21.5,30.5
21.5,30.7
21.5,30.8
21.5,31.0
21.5,31.2
21.5,31.3
21.5,31.5
21.5,31.8
21.5,32.0
21.5,32.2
21.5,32.3
21.7,32.5
21.7,32.7
21.7,32.8
21.8,33.0
21.8,33.2
21.8,33.3
21.8,33.5
22.0,33.5
22.0,33.7
22.0,33.8
22.2,33.8
22.2,34.0
22.3,34.2
22.3,34.3
22.5,34.5
22.5,34.7
22.7,34.7
22.7,34.8
22.8,35.0
23.0,35.2
23.0,35.3
23.2,35.3
23.2,35.5
23.3,35.5
23.3,35.7
23.5,35.7
23.5,35.8
23.7,35.8
23.7,36.0
23.8,36.2
23.8,36.3
24.0,36.3
24.0,36.5
24.2,36.5
24.2,36.7
24.3,36.7
24.3,36.8
24.5,36.8
24.7,37.0
24.8,37.0
25.0,37.0
25.0,37.2
25.2,37.2
25.2,37.3
25.3,37.3
25.3,37.5
25.5,37.5
25.7,37.5
25.7,37.7
25.8,37.7
26.0,37.8
26.2,37.8
26.3,37.8
26.5,37.8
26.7,37.8
26.8,37.8
27.0,37.8
27.2,37.8
27.3,37.8
27.3,37.7
27.3,37.5
27.5,37.3
27.5,37.2
27.5,37.0
27.5,36.8
27.5,36.7
27.5,36.5
27.5,36.3
27.5,36.2
27.5,36.0
27.7,35.8
27.7,35.7
27.7,35.5
27.7,35.2
27.7,35.0
27.7,34.7
27.8,34.5
27.8,34.2
27.8,34.0
27.8,33.7
27.8,33.5
27.8,33.3
28.0,33.2
28.0,33.0
28.0,32.8
28.0,32.5
28.0,32.3
28.0,32.2
28.0,31.8
28.0,31.7
28.0,31.5
28.0,31.3
28.0,31.2
28.0,31.0
28.0,30.8
28.0,30.7
28.0,30.5
28.0,30.3
28.0,30.2
28.0,30.0
28.0,29.8
27.8,29.7
27.8,29.5
27.7,29.3
27.7,29.2
27.7,29.0
27.5,28.8
27.5,28.7
27.5,28.5
27.3,28.5
27.3,28.2
27.2,28.2
27.2,28.0
27.2,27.8
27.0,27.8
27.0,27.7
26.8,27.5
26.8,27.3
26.7,27.2
26.5,27.0
26.5,26.8
26.3,26.8
26.3,26.7
26.2,26.7
26.2,26.5
26.0,26.5
25.8,26.5
25.7,26.5
25.5,26.5
25.3,26.5
25.2,26.5
25.0,26.5
24.8,26.5
24.7,26.5
24.7,26.7
24.5,26.7
24.5,26.8
24.3,26.8
24.3,27.0
24.3,27.2
24.2,27.2
24.2,27.3
24.2,27.5
24.0,27.7
24.0,27.8
24.0,28.0
24.0,28.2
23.8,28.2
23.8,28.3
23.8,28.5
23.8,28.7
23.8,28.8
23.8,29.0
23.7,29.2
23.7,29.5
23.7,29.7
23.7,29.8
23.7,30.0
23.7,30.2
23.7,30.3
23.7,30.7
23.7,30.8
23.7,31.0
23.7,31.2
23.7,31.5
23.7,31.8
23.7,32.0
23.7,32.2
23.7,32.3
23.7,32.7
23.7,32.8
23.8,33.0
23.8,33.2
24.0,33.3
24.0,33.5
24.0,33.7
24.2,33.8
24.2,34.0
24.3,34.2
24.3,34.3
24.5,34.5
24.7,34.7
24.7,34.8
24.8,34.8
24.8,35.0
25.0,35.0
25.0,35.2
25.2,35.2
25.2,35.3
25.3,35.3
25.5,35.3
25.5,35.5
25.7,35.5
25.8,35.5
26.0,35.5
26.2,35.5
26.3,35.5
26.5,35.5
26.7,35.5
26.8,35.5
27.0,35.3
27.2,35.3
27.2,35.2
27.3,35.2
27.3,35.0
27.5,35.0
27.5,34.8
27.5,34.7
27.5,34.5
27.5,34.3
27.5,34.2
27.5,34.0
27.5,33.8
27.5,33.5
27.5,33.2
27.5,33.0
27.5,32.8
27.5,32.7
27.5,32.5
27.3,32.3
27.3,32.2
27.3,32.0
27.3,31.8
27.2,31.7
27.2,31.5
27.2,31.3
27.0,31.2
27.0,31.0
26.8,30.8
26.8,30.7
26.7,30.7
26.7,30.5
26.5,30.3
26.3,30.2
26.3,30.0
26.2,30.0
26.0,29.8
25.8,29.7
25.7,29.7
25.5,29.7
25.3,29.7
25.3,29.8
25.2,29.8
25.2,30.0
25.2,30.2
25.2,30.3
25.2,30.5
25.2,30.7
25.2,30.8
25.2,31.0
25.2,31.2
25.2,31.3
25.2,31.5
25.2,31.7
25.2,31.8
25.2,32.0
25.2,32.2
25.2,32.5
25.2,32.7
25.2,32.8
25.3,33.0
25.3,33.2
25.3,33.3
25.5,33.5
25.5,33.7
25.5,33.8
25.7,34.0
25.7,34.2
25.8,34.2
26.0,34.2
26.2,34.2
26.3,34.2
26.3,34.0
26.3,33.8
26.3,33.7
26.5,33.7
26.5,33.5
26.5,33.3
26.5,33.2
26.5,33.0
26.5,32.8
26.5,32.7
26.5,32.5
26.5,32.3
26.5,32.0
26.5,31.7
26.5,31.5
26.5,31.2
26.5,30.8
26.5,30.5
26.5,30.2
26.5,29.8
26.5,29.7
26.5,29.3
26.5,29.2
26.5,29.0
26.5,28.8
26.3,28.7
26.3,28.5
26.3,28.3
26.2,28.2
26.2,28.0
26.2,27.8
26.2,27.7
26.0,27.7
26.0,27.5
26.0,27.3
26.0,27.2
25.8,27.0
25.8,26.8
25.8,26.7
25.8,26.5
25.7,26.5
25.7,26.3
25.7,26.2
25.7,26.0
25.7,25.8
25.7,25.7
25.7,25.5
25.7,25.3
25.7,25.2
25.8,25.2
25.8,25.0
25.8,24.8
26.0,24.8
26.2,24.7
26.3,24.7
26.3,24.5
26.5,24.5
26.7,24.5
26.7,24.3
26.8,24.3
26.8,24.2
27.0,24.2
27.2,24.2
27.2,24.0
27.3,24.0
27.5,24.0
27.7,24.0
27.7,23.8
27.8,23.8
28.0,23.8
28.0,23.7
28.2,23.7
28.3,23.7
28.5,23.7
28.7,23.7
28.8,23.7
29.0,23.7
29.0,23.5
29.2,23.5
29.3,23.5
29.5,23.5
29.7,23.5
29.8,23.5
29.8,23.3
30.0,23.3
30.2,23.3
30.3,23.3
30.5,23.3
30.7,23.3
30.8,23.3
31.0,23.3
31.2,23.3
31.3,23.3
31.5,23.3
31.7,23.3
31.8,23.3
32.0,23.3
32.0,23.5
32.2,23.5
32.3,23.7
32.5,23.8
32.5,24.0
32.7,24.0
32.7,24.2
32.8,24.3
32.8,24.5
32.8,24.7
33.0,24.7
33.0,24.8
33.2,25.0
33.2,25.2
33.2,25.3
33.3,25.3
33.3,25.5
33.3,25.7
33.5,25.7
33.5,25.8
33.5,26.0
33.5,26.2
33.7,26.3
33.7,26.5
33.7,26.7
33.8,26.7
33.8,26.8
33.8,27.0
33.8,27.2
33.8,27.3
34.0,27.3
34.0,27.5
34.0,27.7
34.0,27.8
34.0,28.0
34.0,28.2
34.0,28.3
34.2,28.3
34.2,28.5
34.2,28.7
34.2,28.8
34.2,29.0
34.2,29.2
34.3,29.3
34.3,29.5
34.3,29.7
34.3,29.8
34.3,30.0
34.3,30.2
34.3,30.3
34.5,30.3
34.5,30.5
34.5,30.7
34.5,30.8
34.5,31.0
34.5,31.2
34.5,31.3
34.5,31.5
34.5,31.7
34.5,31.8
34.5,32.0
34.5,32.2
34.5,32.3
34.5,32.5
34.5,32.7
34.5,32.8
34.5,33.0
34.5,33.2
34.5,33.3
34.5,33.5
34.5,33.7
34.5,33.8
34.5,34.0
34.5,34.2
34.5,34.3
34.5,34.5
34.5,34.7
34.5,34.8
34.5,35.0
34.5,35.2
34.5,35.3
34.5,35.5
34.5,35.7
34.5,35.8
34.5,36.0
34.5,36.2
34.5,36.3
34.5,36.5
34.5,36.7
34.5,36.8
34.5,37.0
34.5,37.3
34.5,37.5
34.5,37.7
34.5,37.8
34.5,38.0
34.5,38.2
34.5,38.3
34.5,38.5
34.5,38.7
34.7,38.7
34.8,38.7
35.0,38.7
35.2,38.7
35.3,38.7
35.5,38.7
35.7,38.7
35.8,38.7
36.0,38.7
36.2,38.7
36.3,38.7
36.5,38.7
36.7,38.7
36.8,38.7
37.0,38.7
37.2,38.7
37.3,38.7
37.5,38.7
37.7,38.7
37.8,38.7
38.0,38.7
38.2,38.7
38.3,38.7
38.3,38.8
38.5,38.8
38.7,38.8
38.8,38.8
39.0,38.8
39.2,38.8
39.2,39.0
39.3,39.0
39.5,39.0
39.5,39.2
39.7,39.2
39.8,39.2
40.0,39.3
40.2,39.3
40.3,39.5
40.5,39.5
40.7,39.5
40.8,39.7
41.0,39.7
41.2,39.7
41.2,39.8
41.3,39.8
41.3,40.0
41.5,40.0
41.7,40.2
41.8,40.3
42.0,40.3
42.0,40.5
42.2,40.5
42.2,40.7
42.3,40.7
42.5,40.7
42.5,40.8
42.7,40.8
42.7,41.0
42.8,41.0
42.8,41.2
43.0,41.2
43.0,41.3
43.2,41.3
43.2,41.5
43.3,41.5
43.5,41.7
43.5,41.8
43.7,41.8
43.8,42.0
43.8,42.2
44.0,42.2
44.2,42.2
44.2,42.3
44.2,42.5
44.3,42.5
44.3,42.7
44.5,42.7
44.5,42.8
44.7,42.8
44.7,43.0
44.8,43.2
44.8,43.3
45.0,43.5
45.0,43.7
45.0,43.8
45.2,43.8
45.2,44.0
45.2,44.2
45.2,44.3
45.3,44.5
45.3,44.7
45.3,44.8
45.3,45.0
45.3,45.2
45.5,45.3
45.5,45.5
45.5,45.7
45.5,45.8
45.5,46.0
45.3,46.2
45.2,46.2
45.0,46.2
44.8,46.2
44.7,46.2
44.5,46.2
44.3,46.2
44.2,46.2
44.0,46.2
43.8,46.2
43.7,46.2
43.5,46.2
43.5,46.3
43.3,46.3
43.2,46.3
43.0,46.5
42.8,46.5
42.7,46.5
42.7,46.7
42.5,46.7
42.5,46.8
42.7,46.8
42.8,46.8
43.0,46.8
43.2,46.8
43.3,46.7
43.5,46.7
43.7,46.7
43.8,46.7
44.0,46.7
44.2,46.7
44.3,46.7
44.5,46.7
44.7,46.7
44.8,46.7
45.0,46.7
45.2,46.7
45.3,46.7
45.5,46.7
45.7,46.7
45.7,46.5
45.8,46.5
46.0,46.5
46.2,46.5
46.5,46.5
46.7,46.5
46.8,46.5
47.0,46.5
47.2,46.5
47.3,46.5
47.7,46.3
48.0,46.3
48.2,46.3
48.3,46.3
48.5,46.3
48.7,46.3
48.8,46.3
49.0,46.3
49.2,46.3
49.3,46.2
49.5,46.2
49.7,46.2
49.8,46.2
50.0,46.2
50.2,46.2
50.3,46.2
50.5,46.2
50.7,46.2
50.8,46.2
50.8,46.0
51.0,46.0
51.2,46.0
51.3,46.0
51.5,46.0
51.7,46.0
51.8,46.0
52.0,46.0
52.2,46.0
52.3,46.0
52.7,45.8
52.8,45.8
53.0,45.8
53.2,45.8
53.3,45.8
53.5,45.7
53.7,45.7
53.8,45.7
54.0,45.7
54.2,45.7
54.3,45.7
54.3,45.5
54.5,45.5
54.7,45.5
54.8,45.5
55.0,45.5
55.2,45.5
55.3,45.5
55.5,45.5
55.7,45.5
55.8,45.5
56.0,45.5
56.2,45.5
56.3,45.5
56.5,45.5
56.7,45.5
56.8,45.5
57.0,45.5
57.2,45.5
57.3,45.5
57.5,45.5
57.7,45.5
57.8,45.3
58.0,45.3
58.2,45.3
58.3,45.3
58.5,45.3
58.7,45.3
58.8,45.3
59.0,45.3
59.2,45.3
59.3,45.3
59.5,45.3
59.7,45.3
59.8,45.5
59.7,45.5
59.5,45.5
59.3,45.5
59.2,45.5
59.0,45.5
58.8,45.5
58.7,45.5
58.5,45.5
58.3,45.5
58.2,45.5
58.2,45.7
58.3,45.7
58.5,45.7
58.7,45.8
58.8,45.8
59.0,45.8
59.0,46.0
59.2,46.0
59.3,46.2
59.5,46.3
59.7,46.3
59.7,46.5
59.8,46.7
60.0,46.7
60.2,46.8
60.3,47.0
60.5,47.2
60.7,47.3
60.8,47.5
61.0,47.5
61.0,47.7
61.2,47.7
61.2,47.8
61.3,47.8
61.3,48.0
61.5,48.0
61.5,48.2
61.7,48.2
61.8,48.3
61.8,48.5
62.0,48.5
62.0,48.7
62.2,48.8
62.3,49.0
62.3,49.2
62.5,49.3
62.5,49.5
62.7,49.5
62.7,49.7
62.8,49.7
62.8,49.8
62.8,50.0
63.0,50.0
63.0,50.2
63.2,50.3
63.2,50.5
63.2,50.7
63.3,50.7
63.3,50.8
63.3,51.0
63.5,51.2
63.5,51.3
63.7,51.5
63.7,51.7
63.8,51.8
63.8,52.0
64.0,52.2
64.0,52.3
64.2,52.3
64.2,52.5
64.2,52.7
64.2,52.8
64.3,52.8
64.3,53.0
64.3,53.2
64.5,53.3
64.5,53.5
64.5,53.7
64.7,53.8
64.7,54.0
64.7,54.2
64.7,54.3
64.8,54.5
64.8,54.7
64.8,54.8
64.8,55.0
65.0,55.0
65.0,55.2
65.0,55.3
65.0,55.5
65.0,55.7
65.0,55.8
65.2,56.0
65.2,56.2
65.2,56.3
65.2,56.5
65.2,56.7
65.2,56.8
65.2,57.0
65.2,57.2
65.2,57.3
65.2,57.5
65.2,57.7
65.2,57.8
65.2,58.0
65.2,58.2
65.2,58.3
65.3,58.5
65.3,58.7
65.3,58.8
65.3,59.0
65.3,59.2
65.3,59.3
65.3,59.5
65.3,59.7
65.3,59.8
65.3,60.0
65.3,60.2
65.3,60.5
65.3,60.7
65.3,60.8
65.3,61.0
65.3,61.2
65.3,61.3
65.3,61.5
65.3,61.7
65.3,61.8
65.3,62.0
65.3,62.2
65.3,62.3
65.3,62.5
65.3,62.7
65.3,62.8
65.3,63.0
65.3,63.2
65.3,63.3
65.3,63.5
65.3,63.7
65.3,63.8
65.2,63.8
65.2,64.0
65.2,64.2
65.2,64.3
65.2,64.5
65.0,64.5
65.0,64.7
64.8,64.8
64.8,65.0
64.8,65.2
64.7,65.3
64.7,65.5
64.7,65.7
64.5,65.7
64.5,65.8
64.5,66.0
64.3,66.0
64.3,66.2
64.2,66.2
64.2,66.3
64.2,66.5
64.0,66.5
64.0,66.7
63.8,66.8
63.8,67.0
63.7,67.2
63.7,67.3
63.7,67.5
63.5,67.7
63.5,67.8
63.5,68.0
63.5,68.2
63.3,68.3
63.3,68.5
63.2,68.7
63.2,68.8
63.2,69.0
63.0,69.2
63.0,69.3
63.0,69.5
62.8,69.5
62.8,69.7
62.8,69.8
62.7,69.8
62.7,70.0
62.7,70.2
62.5,70.2
62.5,70.3
62.3,70.3
62.3,70.5
62.2,70.5
62.2,70.7
62.0,70.7
62.0,70.8
61.8,70.8
61.7,71.0
61.5,71.0
61.5,71.2
61.3,71.2
61.2,71.2
61.2,71.3
61.0,71.3
61.0,71.5
60.8,71.5
60.7,71.5
60.7,71.7
60.5,71.7
60.3,71.8
60.3,72.0
60.3,72.2
60.3,72.3
60.3,72.5
60.3,72.7
60.5,72.7
60.5,72.8
60.5,73.0
60.5,73.2
60.5,73.3
60.5,73.5
60.5,73.7
60.5,73.8
60.5,74.0
60.7,74.0
60.7,74.2
60.7,74.3
60.7,74.5
60.7,74.8
60.7,75.2
60.7,75.5
60.8,75.7
60.8,75.8
60.8,76.0
60.8,76.2
60.8,76.3
60.8,76.5
60.8,76.7
60.8,76.8
60.8,77.0
60.8,77.2
61.0,77.2
61.0,77.3
61.0,77.5
61.0,77.7
61.0,77.8
61.0,78.0
61.0,78.3
61.0,78.5
61.2,78.7
61.2,78.8
61.2,79.0
61.2,79.2
61.2,79.3
61.2,79.5
61.2,79.7
61.3,79.7
61.5,79.7
61.7,79.7
61.8,79.7
62.0,79.7
62.2,79.7
62.3,79.7
62.5,79.7
62.7,79.7
62.8,79.7
63.2,79.7
63.3,79.7
63.5,79.7
63.7,79.7
63.8,79.7
64.0,79.7
64.2,79.7
64.3,79.7
64.5,79.7
64.7,79.7
64.8,79.7
65.0,79.7
65.2,79.7
65.3,79.7
65.5,79.7
65.7,79.7
65.8,79.7
66.0,79.7
66.2,79.7
66.3,79.7
66.5,79.7
66.7,79.7
66.8,79.7
67.0,79.7
67.2,79.7
67.3,79.7
67.5,79.7
67.7,79.7
67.8,79.7
68.0,79.7
68.2,79.7
68.3,79.7
68.5,79.7
68.7,79.7
68.8,79.7
69.0,79.8
69.2,79.8
69.3,79.8
69.5,79.8
69.7,79.8
69.8,79.8
70.0,79.8
70.0,80.0
70.2,80.0
70.3,80.0
70.5,80.0
70.7,80.0
70.7,80.2
70.8,80.2
71.0,80.2
71.2,80.2
71.3,80.2
71.3,80.3
71.5,80.3
71.7,80.3
71.7,80.5
71.8,80.5
72.0,80.5
72.2,80.5
72.2,80.7
72.3,80.7
72.5,80.7
72.5,80.8
72.7,80.8
72.7,81.0
72.8,81.0
73.0,81.0
73.0,81.2
73.2,81.2
73.2,81.3
73.3,81.3
73.3,81.5
73.5,81.5
73.5,81.7
73.7,81.7
73.7,81.8
73.8,81.8
73.8,82.0
74.0,82.0
74.0,82.2
74.0,82.3
74.0,82.5
74.2,82.5
74.2,82.7
74.2,82.8
74.2,83.0
74.2,83.2
74.2,83.3
74.2,83.5
74.2,83.7
74.2,83.8
74.2,84.0
74.2,84.2
74.2,84.3
74.2,84.5
74.2,84.7
74.2,84.8
74.2,85.0
74.2,85.2
74.2,85.3
74.0,85.3
73.8,85.3
73.8,85.5
73.7,85.5
73.7,85.7
73.5,85.7
73.5,85.8
73.3,86.0
73.2,86.2
73.2,86.3
73.0,86.5
72.8,86.5
72.8,86.7
72.7,86.7
72.7,86.8
72.5,86.8
72.5,87.0
72.3,87.0
72.2,87.2
72.0,87.2
72.0,87.3
71.8,87.3
71.7,87.3
71.5,87.5
71.3,87.5
71.2,87.7
71.0,87.7
71.0,87.8
70.8,87.8
70.7,87.8
70.7,88.0
70.5,88.0
70.3,88.0
70.3,88.2
70.2,88.2
70.0,88.2
70.0,88.3
69.8,88.3
69.7,88.3
69.7,88.5
69.5,88.5
69.3,88.5
69.2,88.5
69.2,88.7
69.0,88.7
68.8,88.7
68.7,88.7
68.5,88.7
68.5,88.5
68.5,88.3
68.5,88.2
68.3,88.2
68.3,88.0
68.2,88.0
68.2,87.8
68.0,87.8
67.8,87.7
67.7,87.5
67.7,87.3
67.5,87.3
67.3,87.2
67.2,87.0
67.0,86.8
67.0,86.7
66.8,86.7
66.8,86.5
66.7,86.5
66.5,86.5
66.5,86.3
66.3,86.3
66.3,86.2
66.2,86.2
66.0,86.2
66.0,86.0
65.8,86.0
65.7,86.0
65.7,85.8
65.5,85.8
65.3,85.8
65.3,85.7
65.2,85.7
65.0,85.7
64.8,85.5
64.7,85.5
64.5,85.5
64.5,85.3
64.3,85.3
64.2,85.3
64.2,85.2
64.0,85.2
63.8,85.2
63.8,85.0
63.7,85.0
63.5,85.0
63.5,84.8
63.3,84.8
63.2,84.8
63.2,84.7
63.0,84.7
62.8,84.7
62.8,84.5
62.7,84.5
62.5,84.5
62.3,84.5
62.2,84.3
62.0,84.3
61.8,84.3
61.7,84.3
61.7,84.2
61.5,84.2
61.3,84.2
61.2,84.0
61.0,84.0
61.0,83.8
60.8,83.8
60.7,83.8
60.5,83.8
60.3,83.8
60.3,83.7
60.2,83.7
60.0,83.7
59.8,83.7
59.7,83.7
59.7,83.5
59.5,83.5
59.3,83.5
59.2,83.5
59.0,83.5
58.8,83.5
58.7,83.5
58.5,83.5
58.3,83.5
58.2,83.5
58.0,83.5
57.8,83.5
57.8,83.3
57.7,83.3
57.5,83.3
57.3,83.3
57.2,83.3
57.0,83.3
56.8,83.3
56.7,83.3
56.5,83.3
56.3,83.3
56.2,83.3
56.0,83.3
55.8,83.3
55.7,83.3
55.5,83.3
55.3,83.3
55.3,83.5
55.2,83.5
55.0,83.5
54.8,83.5
54.8,83.7
54.7,83.7
54.5,83.7
54.3,83.7
54.2,83.7
54.2,83.8
54.0,83.8
53.8,83.8
53.7,84.0
53.5,84.0
53.3,84.0
53.2,84.0
53.2,84.2
53.0,84.2
53.0,84.3
52.8,84.3
52.7,84.3
52.5,84.5
52.5,84.3
52.5,84.2
52.5,84.0
52.5,83.8
52.5,83.7
52.3,83.7
52.3,83.5
52.3,83.3
52.3,83.2
52.3,83.0
52.2,83.0
52.2,82.8
52.2,82.7
52.0,82.5
52.0,82.3
52.0,82.2
52.0,82.0
51.8,81.8
51.8,81.7
51.8,81.3
51.8,81.0
51.7,81.0
51.7,80.7
51.7,80.5
51.7,80.3
51.5,80.2
51.5,80.0
51.5,79.8
51.5,79.7
51.3,79.7
51.3,79.5
51.3,79.3
51.3,79.2
51.2,79.2
51.2,79.0
51.2,78.8
51.2,78.7
51.2,78.5
51.0,78.2
51.0,78.0
51.0,77.8
51.0,77.7
51.0,77.3
51.0,77.0
51.0,76.8
51.0,76.5
51.0,76.3
51.0,76.2
51.0,75.8
51.0,75.7
51.0,75.5
51.0,75.3
50.8,75.3
50.8,75.2
50.8,75.0
50.8,74.8
50.8,74.7
50.8,74.5
50.8,74.3
50.8,74.2
50.7,74.2
50.7,74.0
50.7,73.8
50.7,73.7
50.7,73.8
50.7,74.0
50.7,74.2
50.7,74.3
50.7,74.5
50.7,74.7
50.7,74.8
50.8,74.8
50.8,75.0
50.8,75.2
50.8,75.3
50.8,75.5
50.8,75.7
51.0,76.0
51.0,76.3
51.0,76.7
51.0,77.2
51.0,77.5
51.2,77.8
51.2,78.2
51.2,78.3
51.2,78.5
51.2,78.7
51.2,78.8
51.2,79.0
51.2,79.2
51.3,79.3
51.3,79.5
51.3,79.7
51.3,79.8
51.3,80.0
51.5,80.2
51.5,80.3
51.5,80.5
51.5,80.7
51.7,80.8
51.7,81.0
51.7,81.2
51.8,81.3
51.8,81.5
52.0,81.7
52.0,81.8
52.2,82.0
52.2,82.2
52.3,82.2
52.3,82.3
52.5,82.3
52.5,82.5
52.7,82.5
52.7,82.7
52.8,82.7
53.0,82.8
53.0,83.0
53.2,83.0
53.3,83.0
53.3,83.2
53.5,83.2
53.7,83.3
53.8,83.3
54.0,83.3
54.2,83.5
54.3,83.5
54.5,83.5
54.5,83.7
54.7,83.7
54.8,83.7
55.0,83.7
55.2,83.7
55.3,83.7
55.5,83.7
55.5,83.8
55.7,83.8
55.8,83.8
56.0,83.8
56.2,83.8
56.3,83.8
56.5,83.8
56.7,83.8
56.8,83.8
57.0,83.8
57.2,83.8
57.3,83.8
57.5,83.8
57.7,83.8
57.8,83.8
58.0,83.8
58.2,83.8
58.3,83.8
58.5,83.8
58.7,83.8
58.8,83.8
59.0,83.8
59.2,83.8
59.3,83.8
59.5,83.8
59.7,83.8
59.8,83.8
60.0,83.8
60.2,83.8
60.3,83.8
60.5,83.8
60.7,83.8
60.8,83.8
61.0,83.8
61.2,83.8
61.3,84.0
61.5,84.0
61.7,84.2
61.8,84.2
62.0,84.2
62.2,84.2
62.3,84.3
62.5,84.3
62.7,84.5
63.0,84.5
63.0,84.7
63.2,84.7
63.3,84.7
63.5,84.8
63.7,84.8
63.8,84.8
63.8,85.0
64.0,85.0
64.2,85.2
64.3,85.2
64.5,85.2
64.5,85.3
64.7,85.3
64.7,85.5
64.8,85.5
65.0,85.5
65.2,85.5
65.2,85.7
65.3,85.7
65.5,85.7
65.5,85.8
65.7,85.8
65.8,85.8
65.8,86.0
66.0,86.0
66.2,86.0
66.2,86.2
66.3,86.2
66.3,86.3
66.5,86.3
66.5,86.5
66.7,86.5
66.7,86.7
66.8,86.7
66.8,86.8
67.0,86.8
67.0,87.0
67.2,87.0
67.2,87.2
67.3,87.2
67.3,87.3
67.5,87.3
67.5,87.5
67.5,87.7
67.7,87.7
67.7,87.8
67.8,88.0
67.8,88.2
67.8,88.3
68.0,88.3
68.0,88.5
67.8,88.5
67.8,88.7
67.8,88.8
67.8,89.0
67.7,89.0
67.7,89.2
67.5,89.2
67.5,89.3
67.5,89.5
67.3,89.5
67.3,89.7
67.2,89.7
67.2,89.8
67.0,89.8
67.0,90.0
66.8,90.0
66.8,90.2
66.7,90.2
66.7,90.3
66.5,90.3
66.3,90.5
66.2,90.5
66.2,90.7
66.0,90.7
66.0,90.8
65.8,90.8
65.8,91.0
65.7,91.0
65.5,91.0
65.5,91.2
65.3,91.2
65.3,91.3
65.2,91.3
65.2,91.5
65.0,91.5
64.8,91.5
64.8,91.7
64.8,91.8
64.7,91.8
64.5,91.8
64.5,92.0
64.3,92.0
64.3,92.2
64.2,92.2
64.2,92.3
64.0,92.3
63.8,92.3
63.8,92.5
63.7,92.5
63.7,92.3
63.7,92.2
63.7,92.0
63.5,92.0
63.5,91.8
63.5,91.7
63.3,91.7
63.3,91.5
63.2,91.3
63.0,91.2
62.8,91.2
62.8,91.0
62.7,90.8
62.5,90.7
62.2,90.3
62.0,90.2
61.8,90.2
61.7,89.8
61.5,89.8
61.3,89.7
61.3,89.5
61.2,89.5
61.0,89.3
61.0,89.2
60.8,89.2
60.7,89.2
60.5,89.2
60.3,89.2
60.3,89.0
60.2,89.0
60.0,89.0
60.0,88.8
60.2,88.8
60.2,89.0
60.3,89.0
60.5,89.2
60.7,89.2
60.7,89.3
61.0,89.5
61.2,89.5
61.3,89.8
61.5,89.8
61.7,90.2
61.8,90.3
62.0,90.5
62.2,90.7
62.3,90.8
62.5,90.8
62.5,91.0
62.5,91.2
62.7,91.2
62.7,91.3
62.8,91.3
62.8,91.5
62.8,91.7
62.8,91.8
62.8,92.0
62.8,92.2
62.8,92.3
62.8,92.5
62.7,92.5
62.7,92.7
62.5,92.7
62.3,92.7
62.2,92.7
62.0,92.7
61.8,92.7
61.8,92.8
61.7,92.8
61.5,92.8
61.3,92.8
61.2,92.8
61.0,92.8
60.8,92.8
60.8,93.0
60.7,93.0
60.5,93.0
60.3,93.0
60.2,93.0
60.0,93.0
59.8,93.0
59.8,93.2
59.7,93.2
59.5,93.2
59.3,93.2
59.2,93.2
59.0,93.2
58.8,93.2
58.7,93.2
58.5,93.2
58.5,93.3
58.3,93.3
58.2,93.3
58.0,93.3
57.8,93.3
57.7,93.3
57.5,93.3
57.3,93.3
57.2,93.3
57.0,93.3
57.0,93.5
56.8,93.5
56.7,93.5
56.7,93.3
56.7,93.2
56.7,93.0
56.7,92.8
56.7,92.7
56.7,92.5
56.5,92.5
56.5,92.3
56.3,92.3
56.3,92.2
56.2,92.2
56.2,92.0
56.0,91.8
56.0,91.7
55.8,91.5
55.8,91.3
55.7,91.3
55.7,91.2
55.5,91.2
55.5,91.0
55.3,91.0
55.3,90.8
55.2,90.8
55.0,90.8
55.0,90.7
54.8,90.7
54.7,90.7
54.5,90.5
54.3,90.5
54.2,90.3
54.0,90.3
53.8,90.2
53.7,90.2
53.8,90.2
54.0,90.2
54.2,90.2
54.2,90.3
54.3,90.3
54.3,90.5
54.5,90.5
54.7,90.7
54.8,90.8
55.0,91.0
55.2,91.2
55.5,91.3
55.5,91.5
55.8,91.7
55.8,91.8
56.0,91.8
56.0,92.0
56.2,92.0
56.2,92.2
56.3,92.3
56.3,92.5
56.3,92.7
56.3,92.8
56.3,93.0
56.3,93.2
56.3,93.3
56.3,93.5
56.2,93.5
56.0,93.5
55.8,93.5
55.7,93.5
55.5,93.5
55.3,93.5
55.2,93.5
54.8,93.5
54.7,93.5
54.5,93.5
54.3,93.5
54.2,93.5
54.0,93.5
53.8,93.5
53.7,93.5
53.5,93.5
53.3,93.5
53.2,93.5
53.0,93.5
52.8,93.5
52.7,93.5
52.5,93.5
52.3,93.5
52.2,93.5
52.0,93.5
51.8,93.5
51.7,93.5
51.5,93.5
51.3,93.5
51.0,93.5
50.8,93.5
50.7,93.5
50.5,93.5
50.3,93.5
50.2,93.5
50.0,93.5
49.8,93.5
49.7,93.5
49.5,93.5
49.3,93.5
49.2,93.5
49.0,93.5
48.8,93.5
48.7,93.5
48.5,93.5
48.3,93.5
48.2,93.5
48.0,93.5
47.8,93.5
47.7,93.5
47.5,93.5
47.3,93.5
47.2,93.5
47.0,93.5
46.8,93.5
46.7,93.5
46.5,93.5
46.3,93.5
46.2,93.5
46.0,93.5
45.8,93.5
45.7,93.5
45.5,93.5
45.3,93.5
45.2,93.5
45.0,93.5
44.8,93.5
44.7,93.5
44.5,93.5
44.3,93.5
44.2,93.5
44.0,93.5
43.8,93.5
43.7,93.5
43.5,93.5
43.3,93.5
43.2,93.5
43.0,93.5
42.8,93.5
42.7,93.5
42.5,93.5
42.3,93.5
42.2,93.5
42.0,93.5
41.8,93.5
41.7,93.5
41.5,93.5
41.3,93.5
41.2,93.5
41.0,93.5
40.8,93.5
40.7,93.5
40.5,93.5
40.3,93.5
40.2,93.3
40.0,93.3
39.8,93.3
39.7,93.3
39.5,93.3
39.3,93.2
39.2,93.2
39.0,93.2
38.8,93.2
38.7,93.2
38.5,93.2
38.3,93.2
38.3,93.0
38.2,93.0
38.0,93.0
37.8,93.0
37.7,93.0
37.7,92.8
37.5,92.8
37.3,92.8
37.2,92.8
37.0,92.7
36.8,92.7
36.7,92.7
36.7,92.5
36.5,92.5
36.3,92.5
36.3,92.3
36.2,92.3
36.2,92.2
36.0,92.2
36.0,92.0
35.8,92.0
35.8,91.8
35.7,91.8
35.7,91.7
35.7,91.5
35.5,91.5
35.5,91.3
35.5,91.2
35.3,91.2
35.3,91.0
35.3,90.8
35.3,90.7
35.3,90.5
35.3,90.3
35.3,90.2
35.5,90.2
35.7,90.2
35.7,90.0
35.8,90.0
35.8,89.8
36.0,89.8
36.0,89.7
36.0,89.5
36.2,89.5
36.3,89.3
36.5,89.3
36.5,89.2
36.7,89.2
36.7,89.0
36.8,89.0
37.0,89.0
37.0,88.8
37.2,88.8
37.3,88.7
37.5,88.7
37.5,88.5
37.7,88.5
37.7,88.3
37.8,88.3
38.0,88.3
38.0,88.2
38.2,88.2
38.3,88.2
38.3,88.0
38.5,88.0
38.7,88.0
38.7,87.8
38.8,87.8
39.0,87.8
39.2,87.8
39.2,87.7
39.3,87.7
39.5,87.7
39.5,87.5
39.7,87.5
39.8,87.5
40.0,87.3
40.2,87.3
40.2,87.2
40.3,87.2
40.5,87.2
40.7,87.0
40.8,87.0
41.0,86.8
41.2,86.8
41.3,86.8
41.3,86.7
41.5,86.7
41.7,86.7
41.7,86.5
41.8,86.5
41.8,86.3
41.8,86.2
41.8,86.0
41.8,85.8
41.8,85.7
42.0,85.5
42.0,85.3
42.0,85.2
42.0,85.0
42.0,84.8
42.2,84.5
42.2,84.3
42.3,84.2
42.3,84.0
42.3,83.8
42.3,83.7
42.5,83.5
42.5,83.3
42.5,83.2
42.5,83.0
42.7,83.0
42.7,82.8
42.7,82.7
42.7,82.5
42.7,82.3
42.8,82.2
42.8,82.0
42.8,81.8
42.8,81.7
42.8,81.5
42.8,81.3
42.8,81.2
42.8,81.0
42.8,80.8
42.8,80.7
42.8,80.5
42.8,80.2
42.8,80.0
42.8,79.7
42.8,79.3
42.8,79.2
42.8,79.0
42.8,78.8
42.8,78.7
42.8,78.5
42.8,78.3
42.8,78.2
43.0,78.0
43.0,77.8
43.0,77.7
43.0,77.5
43.0,77.3
43.0,77.2
43.0,77.0
43.0,76.8
43.0,76.7
43.0,76.5
43.0,76.2
43.0,76.0
43.0,75.8
43.0,75.7
43.0,75.5
43.0,75.3
43.0,75.2
43.0,75.0
43.0,74.8
43.0,74.7
43.0,74.5
43.0,74.3
43.0,74.2
42.8,74.2
42.7,74.2
42.5,74.2
42.3,74.2
42.2,74.2
42.0,74.2
41.8,74.2
41.7,74.2
41.5,74.2
41.3,74.2
41.2,74.0
41.0,74.0
40.8,74.0
40.7,74.0
40.5,74.0
40.3,73.8
40.2,73.8
40.0,73.8
40.0,73.7
39.8,73.7
39.7,73.7
39.5,73.5
39.3,73.5
39.3,73.3
39.2,73.3
39.0,73.2
38.8,73.2
38.8,73.0
38.7,73.0
38.5,72.8
38.3,72.7
38.2,72.7
38.2,72.5
38.0,72.5
38.0,72.3
37.8,72.2
37.8,72.0
37.7,72.0
37.7,71.8
37.7,71.7
37.5,71.7
37.3,71.8
37.2,71.8
37.2,72.0
37.0,72.0
37.0,72.2
36.8,72.2
36.7,72.2
36.5,72.2
36.5,72.3
36.3,72.3
36.2,72.3
36.2,72.5
36.0,72.5
35.8,72.5
35.8,72.7
35.7,72.7
35.7,72.8
35.5,72.8
35.5,73.0
35.3,73.0
35.2,73.0
35.0,73.2
34.8,73.2
34.7,73.3
34.5,73.3
34.3,73.3
34.3,73.5
34.2,73.5
34.0,73.5
34.0,73.7
33.8,73.7
33.7,73.8
33.5,73.8
33.3,74.0
33.2,74.0
33.0,74.2
32.8,74.2
32.8,74.3
32.7,74.3
32.5,74.3
32.5,74.5
32.3,74.5
32.2,74.7
32.0,74.7
32.0,74.8
31.8,74.8
31.7,74.8
31.7,75.0
31.5,75.0
31.3,75.2
31.2,75.2
31.2,75.3
31.0,75.3
30.8,75.3
30.7,75.3
30.7,75.5
30.5,75.5
30.3,75.5
30.3,75.7
30.2,75.7
30.0,75.7
30.0,75.8
29.8,75.8
29.7,76.0
29.5,76.0
29.3,76.0
29.2,76.2
29.0,76.2
28.8,76.3
28.7,76.3
28.5,76.3
28.5,76.5
28.3,76.5
28.2,76.5
28.2,76.7
28.0,76.7
27.8,76.7
27.7,76.8
27.5,76.8
27.3,76.8
27.2,76.8
27.0,76.8
27.0,77.0
26.8,77.0
26.7,77.0
26.5,77.0
26.3,77.2
26.2,77.2
26.0,77.2
25.8,77.2
25.8,77.3
25.7,77.3
25.5,77.3
25.3,77.3
25.2,77.3
25.2,77.2
25.2,77.0
25.0,77.0
25.0,76.8
24.8,76.8
24.8,76.7
24.8,76.5
24.7,76.5
24.7,76.3
24.7,76.2
24.7,76.0
24.5,76.0
24.5,75.8
24.5,75.7
24.5,75.5
24.3,75.5
24.3,75.3
24.3,75.2
24.2,75.0
24.2,74.8
24.2,74.7
24.2,74.5
24.2,74.3
24.2,74.2
24.3,74.2
24.3,74.0
24.5,74.0
24.7,73.8
24.8,73.8
24.8,73.7
25.0,73.7
25.2,73.5
25.3,73.5
25.3,73.3
25.5,73.3
25.5,73.2
25.7,73.2
25.8,73.2
26.0,73.2
26.0,73.0
26.2,73.0
26.3,73.0
26.5,72.8
26.7,72.8
26.8,72.8
26.8,72.7
27.0,72.7
27.2,72.7
27.2,72.5
27.3,72.5
27.5,72.5
27.7,72.3
27.8,72.3
28.0,72.3
28.0,72.2
28.2,72.2
28.3,72.2
28.3,72.0
28.5,72.0
28.7,72.0
28.8,72.0
29.0,71.8
29.2,71.8
29.2,71.7
29.3,71.7
29.5,71.7
29.7,71.7
29.7,71.5
29.8,71.5
29.8,71.3
30.0,71.3
30.2,71.3
30.3,71.2
30.5,71.2
30.7,71.0
30.8,71.0
30.8,70.8
31.0,70.8
31.2,70.8
31.2,70.7
31.3,70.7
31.5,70.7
31.5,70.5
31.7,70.5
31.8,70.5
32.0,70.5
32.0,70.3
32.2,70.3
32.3,70.2
32.5,70.2
32.7,70.2
32.7,70.0
32.8,69.8
33.0,69.8
33.0,69.7
33.2,69.7
33.3,69.5
33.5,69.5
33.7,69.5
33.7,69.3
33.8,69.3
34.0,69.3
34.0,69.2
34.2,69.2
34.3,69.2
34.5,69.0
34.7,69.0
34.8,69.0
35.0,69.0
35.2,69.0
35.3,69.0
35.5,69.0
35.7,69.0
35.8,69.0
35.8,69.2
36.0,69.2
36.2,69.2
36.2,69.3
36.3,69.3
36.3,69.5
36.3,69.7
36.3,69.8
36.5,69.8
36.5,70.0
36.5,70.2
36.7,70.3
36.7,70.5
36.8,70.5
36.8,70.7
36.8,70.8
37.0,70.8
37.0,71.0
37.2,71.2
37.2,71.3
37.3,71.3
37.3,71.2
37.3,71.0
37.3,70.8
37.3,70.7
37.2,70.7
37.2,70.5
37.2,70.3
37.0,70.3
37.0,70.2
37.0,70.0
37.0,69.8
36.8,69.7
36.8,69.5
36.8,69.3
36.7,69.2
36.7,69.0
36.5,68.8
36.5,68.7
36.5,68.5
36.5,68.3
36.3,68.3
36.3,68.2
36.3,68.0
36.2,68.0
36.2,67.8
36.2,67.7
36.2,67.5
36.2,67.3
36.0,67.3
36.0,67.2
36.0,67.0
36.0,66.8
35.8,66.8
35.8,66.7
35.8,66.5
35.8,66.3
35.8,66.2
35.8,66.0
35.8,65.8
35.7,65.8
35.7,65.7
35.7,65.5
35.7,65.3
35.7,65.2
35.7,65.0
35.7,64.8
35.7,64.7
35.7,64.5
35.7,64.3
35.7,64.2
35.7,64.0
35.7,63.8
35.7,63.7
35.7,63.5
35.7,63.3
35.7,63.2
35.7,63.0
35.7,62.8
35.7,62.7
35.7,62.5
35.7,62.3
35.7,62.2
35.7,62.0
35.7,61.8
35.7,61.7
35.7,61.5
35.7,61.3
35.7,61.2
35.7,61.0
35.7,60.8
35.8,60.7
35.8,60.5
35.8,60.3
35.8,60.2
35.8,60.0
36.0,60.0
36.0,59.8
36.0,59.7
36.0,59.5
36.2,59.5
36.2,59.3
36.2,59.2
36.2,59.0
36.3,59.0
36.3,58.8
36.3,58.7
36.5,58.7
36.5,58.5
36.5,58.3
36.7,58.2
36.7,58.0
36.8,58.0
36.8,57.8
36.8,57.7
37.0,57.7
37.0,57.5
37.2,57.5
37.2,57.3
37.2,57.2
37.2,57.0
37.3,57.0
37.3,56.8
37.5,56.8
37.5,56.7
37.5,56.5
37.5,56.3
37.5,56.2
37.7,56.2
37.7,56.0
37.8,56.0
37.8,55.8
37.8,55.7
38.0,55.7
38.0,55.5
38.2,55.3
38.2,55.2
38.3,55.2
38.5,55.2
38.5,55.3
38.7,55.3
38.7,55.5
38.7,55.7
38.8,55.7
38.8,55.8
38.8,56.0
38.8,56.2
39.0,56.2
39.0,56.3
39.0,56.5
39.0,56.7
39.0,56.8
39.0,57.0
39.2,57.2
39.2,57.3
39.2,57.5
39.2,57.7
39.2,57.8
39.2,58.0
39.2,58.2
39.3,58.2
39.3,58.3
39.3,58.5
39.3,58.7
39.5,58.8
39.5,59.0
39.5,59.2
39.5,59.3
39.5,59.5
39.5,59.7
39.5,59.8
39.5,60.0
39.5,60.2
39.5,60.3
39.5,60.5
39.5,60.7
39.5,60.8
39.5,61.0
39.7,61.2
39.7,61.5
39.7,61.7
39.7,61.8
39.7,62.0
39.7,62.2
39.7,62.3
39.7,62.5
39.7,62.7
39.7,62.8
39.7,63.0
39.7,63.2
39.8,63.2
39.8,63.3
39.8,63.5
39.8,63.7
39.8,63.8
39.8,64.0
39.8,64.2
39.8,64.3
39.8,64.5
39.8,64.3
39.8,64.2
39.7,64.2
39.5,64.2
39.3,64.2
39.2,64.2
39.0,64.2
39.0,64.3
38.8,64.3
38.8,64.5
38.8,64.7
38.8,64.8
38.8,65.0
38.8,65.2
38.8,65.3
38.7,65.3
38.7,65.5
38.7,65.7
38.7,65.8
38.7,66.0
38.7,66.2
38.7,66.3
38.7,66.5
38.7,66.7
38.7,66.8
38.7,67.0
38.7,67.2
38.7,67.3
38.7,67.5
38.7,67.7
38.7,67.8
38.7,68.0
38.7,68.2
38.8,68.3
38.8,68.5
39.0,68.7
39.0,68.8
39.2,68.8
39.2,69.0
39.3,69.0
39.3,69.2
39.5,69.2
39.5,69.3
39.7,69.3
39.8,69.3
40.0,69.3
40.2,69.3
40.3,69.2
40.5,69.2
40.5,69.0
40.7,68.8
40.8,68.8
40.8,68.7
40.8,68.5
41.0,68.5
41.0,68.3
41.2,68.3
41.2,68.2
41.3,68.0
41.3,67.8
41.5,67.8
41.5,67.7
41.7,67.7
41.7,67.5
41.7,67.3
41.8,67.2
41.8,67.0
41.8,67.2
41.8,67.3
41.7,67.3
41.7,67.5
41.7,67.7
41.5,67.7
41.5,67.8
41.5,68.0
41.5,68.2
41.3,68.2
41.3,68.3
41.3,68.5
41.3,68.7
41.3,68.8
41.3,69.0
41.3,69.2
41.5,69.2
41.5,69.3
41.7,69.3
41.7,69.5
41.8,69.5
41.8,69.7
42.0,69.7
42.2,69.7
42.3,69.7
42.3,69.8
42.5,69.8
42.7,69.8
42.8,69.8
43.0,69.8
43.0,70.0
43.2,70.0
43.3,70.0
43.5,70.0
43.7,70.0
43.8,70.0
44.0,70.0
44.2,70.0
44.3,70.0
44.5,70.0
44.7,69.8
44.7,69.7
44.7,69.5
44.8,69.5
44.8,69.3
44.8,69.2
44.8,69.0
44.8,68.8
44.8,68.7
44.8,68.5
44.8,68.3
44.8,68.2
44.8,68.0
44.8,67.8
44.8,67.7
44.8,67.5
44.8,67.3
44.8,67.2
44.8,67.0
44.8,67.2
44.8,67.3
44.8,67.5
44.8,67.7
44.8,67.8
44.8,68.0
44.8,68.2
44.8,68.3
44.8,68.5
44.8,68.7
45.0,68.8
45.0,69.0
45.2,69.0
45.2,69.2
45.3,69.2
45.3,69.3
45.5,69.5
45.7,69.5
45.8,69.5
46.0,69.7
46.2,69.7
46.3,69.7
46.5,69.7
46.7,69.7
46.8,69.7
47.0,69.7
47.2,69.7
47.2,69.5
47.3,69.5
47.3,69.3
47.5,69.3
47.7,69.2
47.7,69.0
47.8,69.0
48.0,68.8
48.0,68.7
48.2,68.7
48.2,68.5
48.2,68.3
48.3,68.3
48.3,68.2
48.3,68.0
48.3,67.8
48.3,67.7
48.3,67.5
48.3,67.3
48.3,67.2
48.3,67.0
48.3,66.8
48.3,66.5
48.3,66.3
48.3,66.2
48.3,66.0
48.3,65.8
48.3,65.7
48.3,65.5
48.3,65.3
48.2,65.3
48.2,65.2
48.2,65.0
48.0,64.8
48.0,64.7
48.0,64.5
47.8,64.3
47.8,64.2
47.8,64.0
47.7,64.0
47.7,63.8
47.7,63.7
47.7,63.5
47.5,63.5
47.5,63.3
47.5,63.2
47.5,63.0
47.3,63.0
47.3,62.8
47.3,62.7
47.3,62.5
47.3,62.3
47.2,62.3
47.2,62.2
47.2,62.0
47.2,61.8
47.2,61.7
47.0,61.5
47.0,61.3
47.0,61.2
47.0,61.0
47.0,60.8
47.0,60.7
47.0,60.5
47.0,60.3
47.0,60.2
47.0,60.0
47.0,59.8
47.0,59.7
47.0,59.5
47.0,59.7
47.0,59.8
47.0,60.0
47.0,60.2
47.0,60.3
47.0,60.5
47.0,60.7
47.0,60.8
47.0,61.0
47.0,61.2
47.0,61.3
47.2,61.3
47.2,61.5
47.2,61.7
47.3,61.7
47.3,61.8
47.3,62.0
47.3,62.2
47.5,62.2
47.5,62.3
47.5,