26.2,30.5
26.0,30.5
25.8,30.5
25.8,30.3
25.7,30.3
25.5,30.3
25.3,30.3
25.2,30.3
25.0,30.3
24.8,30.3
24.8,30.2
24.7,30.2
24.5,30.2
24.3,30.2
24.3,30.0
24.2,30.0
24.0,30.0
23.8,30.0
23.7,30.0
23.5,30.0
23.5,29.8
23.3,29.8
23.2,29.8
23.0,29.8
23.0,29.7
22.8,29.7
22.7,29.7
22.5,29.7
22.5,29.5
22.3,29.5
22.2,29.5
22.0,29.5
22.0,29.3
21.8,29.3
21.7,29.3
21.7,29.2
21.5,29.2
21.3,29.2
21.3,29.0
21.2,29.0
21.2,28.8
21.0,28.8
20.8,28.8
20.8,28.7
20.7,28.7
20.5,28.7
19.8,28.3
19.5,28.0
19.0,27.8
18.7,27.7
18.0,27.2
17.7,26.8
17.2,26.7
17.0,26.5
16.8,26.3
16.5,26.2
16.3,26.0
16.3,25.8
16.2,25.8
16.2,25.7
16.0,25.7
16.0,25.5
15.8,25.3
15.8,25.2
15.7,25.2
15.7,25.0
15.5,25.0
15.5,24.8
15.5,24.7
15.3,24.7
15.2,24.3
15.0,24.2
14.8,24.0
14.7,23.7
14.7,23.5
14.5,23.3
14.3,23.2
14.2,23.0
14.2,22.8
14.0,22.7
14.0,22.5
14.0,22.3
13.8,22.2
13.8,22.0
13.7,21.8
13.7,21.7
13.7,21.5
13.5,21.3
13.5,21.2
13.5,21.0
13.3,21.0
13.3,20.7
13.2,20.7
13.2,20.3
13.0,20.0
13.0,19.8
13.0,19.7
12.8,19.5
12.8,19.3
12.8,19.2
12.8,18.8
12.7,18.8
12.7,18.7
12.7,18.5
12.7,18.3
12.7,18.2
12.5,18.0
12.5,17.8
12.5,17.7
12.5,17.5
12.3,17.3
12.3,17.2
12.3,17.0
12.3,16.8
12.3,16.7
12.3,16.5
12.3,16.3
12.3,16.2
12.3,16.0
12.3,15.8
12.3,15.7
12.3,15.5
12.3,15.3
12.3,15.2
12.3,15.0
12.3,14.8
12.3,14.7
12.3,14.5
12.3,14.3
12.3,14.2
12.3,14.0
12.3,13.8
12.3,13.7
12.5,13.7
12.5,13.5
12.5,13.3
12.5,13.2
12.5,13.0
12.7,13.0
12.7,12.8
12.7,12.7
12.8,12.7
12.8,12.5
13.0,12.5
13.0,12.3
13.2,12.3
13.2,12.2
13.3,12.2
13.5,12.2
13.5,12.0
13.7,12.0
13.8,12.0
13.8,11.8
14.0,11.8
14.2,11.7
14.3,11.7
14.5,11.7
14.7,11.7
14.8,11.7
15.0,11.7
15.0,11.5
15.2,11.5
15.3,11.5
15.5,11.5
15.7,11.5
15.8,11.5
16.0,11.5
16.2,11.5
16.3,11.5
16.5,11.5
16.7,11.5
16.8,11.5
17.0,11.5
17.2,11.5
17.3,11.5
17.5,11.5
17.7,11.5
17.8,11.5
18.0,11.5
18.2,11.5
18.3,11.5
18.5,11.5
18.7,11.5
18.8,11.5
18.8,11.7
19.0,11.7
19.2,11.7
19.3,11.7
19.5,11.7
19.5,11.8
19.7,11.8
19.8,11.8
20.0,11.8
20.0,12.0
20.2,12.0
20.3,12.0
20.5,12.0
20.5,12.2
20.7,12.2
20.8,12.2
21.0,12.2
21.2,12.3
21.3,12.3
21.5,12.3
21.5,12.5
21.7,12.5
21.8,12.5
22.0,12.7
22.2,12.7
22.3,12.7
22.3,12.8
22.5,12.8
22.7,12.8
22.8,12.8
23.0,13.0
23.2,13.0
23.2,13.2
23.3,13.2
23.5,13.3
23.7,13.3
23.8,13.3
23.8,13.5
24.0,13.7
24.2,13.7
24.2,13.8
24.3,13.8
24.3,14.0
24.5,14.0
24.7,14.2
24.8,14.3
24.8,14.5
25.0,14.5
25.0,14.7
25.2,14.8
25.3,15.0
25.3,15.2
25.5,15.2
25.5,15.3
25.7,15.5
25.7,15.7
25.8,15.7
25.8,15.8
25.8,16.0
26.0,16.0
26.0,16.2
26.2,16.2
26.2,16.3
26.3,16.5
26.3,16.7
26.5,16.8
26.5,17.0
26.7,17.2
26.7,17.3
26.8,17.3
26.8,17.5
27.0,17.5
27.0,17.7
27.0,17.8
27.2,18.0
27.2,18.2
27.3,18.2
27.3,18.3
27.3,18.5
27.5,18.5
27.5,18.7
27.5,18.8
27.7,18.8
27.7,19.0
27.7,19.2
27.7,19.3
27.8,19.3
27.8,19.5
27.8,19.7
28.0,19.8
28.0,20.0
28.0,20.2
28.0,20.3
28.2,20.3
28.2,20.5
28.2,20.7
28.2,20.8
28.2,21.0
28.3,21.0
28.3,21.2
28.3,21.3
28.3,21.5
28.3,21.7
28.5,21.8
28.5,22.0
28.5,22.2
28.5,22.3
28.7,22.3
28.7,22.5
28.7,22.7
28.7,22.8
28.7,23.0
28.7,23.2
28.8,23.2
28.8,23.3
28.8,23.5
28.8,23.7
28.8,23.8
28.8,24.0
29.0,24.0
29.0,24.2
29.0,24.3
29.0,24.5
29.0,24.7
29.0,24.8
29.0,25.0
29.0,25.2
29.0,25.3
29.0,25.5
29.0,25.7
29.0,25.8
29.0,26.0
29.0,26.2
29.0,26.3
29.0,26.5
29.0,26.7
29.0,26.8
29.0,27.0
29.0,27.2
29.0,27.3
29.0,27.5
29.0,27.7
29.0,27.8
29.0,28.0
28.8,28.0
28.8,28.2
28.8,28.3
28.7,28.3
28.7,28.5
28.7,28.7
28.5,28.7
28.5,28.8
28.3,29.0
28.3,29.2
28.3,29.3
28.2,29.3
28.2,29.5
28.2,29.7
28.2,29.8
28.0,29.8
28.0,30.0
28.0,30.2
27.8,30.2
27.8,30.3
27.7,30.3
27.7,30.5
27.5,30.5
27.3,30.5
27.3,30.7
27.2,30.7
27.0,30.7
26.8,30.7
26.7,30.5
26.5,30.5
26.5,30.3
26.3,30.3
26.2,30.3
26.0,30.3
25.8,30.3
25.7,30.3
25.5,30.3
25.3,30.3
25.2,30.3
25.0,30.3
24.8,30.3
24.7,30.3
24.5,30.3
24.3,30.3
24.2,30.3
24.0,30.3
23.8,30.3
23.7,30.3
23.5,30.3
23.3,30.3
23.2,30.3
23.0,30.3
22.8,30.3
22.7,30.3
22.5,30.3
22.3,30.3
22.2,30.3
22.0,30.3
21.8,30.3
21.8,30.5
21.7,30.5
21.5,30.5
21.3,30.5
21.2,30.5
21.2,30.7
21.0,30.7
20.8,30.7
20.7,30.7
20.7,30.8
20.5,30.8
20.3,30.8
20.2,31.0
20.0,31.0
19.8,31.0
19.7,31.2
19.5,31.2
19.3,31.2
19.3,31.3
19.2,31.3
19.0,31.3
18.8,31.3
18.7,31.3
18.7,31.5
18.5,31.5
18.3,31.7
18.2,31.7
18.0,31.7
18.0,31.8
17.8,31.8
17.7,31.8
17.7,32.0
17.5,32.0
17.3,32.2
17.2,32.2
17.0,32.3
16.8,32.5
16.7,32.5
16.7,32.7
16.5,32.7
16.3,32.7
16.3,32.8
16.2,32.8
16.0,32.8
16.0,33.0
15.8,33.0
15.7,33.0
15.7,33.2
15.5,33.2
15.3,33.3
15.2,33.3
15.0,33.5
14.8,33.7
14.7,33.7
14.7,33.8
14.5,33.8
14.5,34.0
14.3,34.0
14.2,34.0
14.2,34.2
14.0,34.3
13.8,34.3
13.8,34.5
13.7,34.5
13.7,34.7
13.5,34.7
13.5,34.8
13.3,34.8
13.2,35.0
13.0,35.0
13.0,35.2
12.8,35.2
12.8,35.3
12.7,35.3
12.7,35.5
12.5,35.5
12.5,35.7
12.3,35.8
12.2,36.0
12.0,36.0
12.0,36.2
11.8,36.2
11.8,36.3
11.7,36.5
11.5,36.7
11.5,36.8
11.3,36.8
11.3,37.0
11.2,37.2
11.2,37.3
11.0,37.3
11.0,37.5
11.0,37.7
10.8,37.7
10.8,37.8
10.8,38.0
10.7,38.2
10.7,38.3
10.5,38.5
10.5,38.7
10.5,38.8
10.3,38.8
10.3,39.0
10.3,39.2
10.3,39.3
10.2,39.3
10.2,39.5
10.2,39.7
10.0,39.8
10.0,40.0
10.0,40.2
9.8,40.3
9.8,40.5
9.8,40.7
9.8,40.8
9.8,41.0
9.8,41.2
9.8,41.3
9.8,41.5
9.8,41.7
9.8,41.8
9.8,42.0
9.8,42.2
9.8,42.3
9.8,42.5
9.8,42.7
9.8,42.8
9.8,43.0
9.8,43.2
9.8,43.3
9.8,43.5
10.0,43.7
10.0,43.8
10.0,44.0
10.2,44.2
10.2,44.3
10.2,44.5
10.3,44.5
10.3,44.7
10.5,44.8
10.5,45.0
10.5,45.2
10.7,45.2
10.7,45.3
10.8,45.3
10.8,45.5
11.0,45.5
11.0,45.7
11.2,45.7
11.2,45.8
11.3,45.8
11.5,45.8
11.5,46.0
11.7,46.0
11.8,46.0
11.8,46.2
12.0,46.2
12.2,46.2
12.3,46.2
12.5,46.2
12.7,46.2
12.8,46.2
13.0,46.2
13.2,46.2
13.3,46.2
13.5,46.2
13.7,46.2
13.8,46.2
14.0,46.2
14.2,46.2
14.3,46.2
14.3,46.0
14.5,46.0
14.7,46.0
14.7,45.8
14.8,45.8
15.0,45.8
15.0,45.7
15.2,45.7
15.3,45.7
15.5,45.7
15.5,45.5
15.7,45.5
15.8,45.5
15.8,45.3
16.0,45.3
16.2,45.3
16.3,45.3
16.3,45.2
16.5,45.2
16.7,45.0
16.8,45.0
16.8,44.8
17.0,44.8
17.2,44.7
17.3,44.7
17.3,44.5
17.5,44.5
17.7,44.5
17.7,44.3
17.8,44.3
18.0,44.2
18.2,44.2
18.2,44.0
18.3,44.0
18.5,44.0
18.5,43.8
18.7,43.8
18.8,43.8
18.8,43.7
19.0,43.7
19.2,43.7
19.2,43.5
19.3,43.5
19.5,43.3
19.7,43.3
19.7,43.2
19.8,43.2
20.0,43.2
20.2,43.2
20.2,43.0
20.3,43.0
20.5,42.8
20.7,42.8
20.8,42.8
20.8,42.7
21.0,42.7
21.2,42.7
21.3,42.5
21.5,42.5
21.5,42.3
21.7,42.3
21.8,42.3
21.8,42.2
22.0,42.2
22.2,42.2
22.2,42.0
22.3,42.0
22.5,41.8
22.7,41.8
22.8,41.8
22.8,41.7
23.0,41.7
23.2,41.7
23.3,41.5
23.5,41.5
23.7,41.5
23.8,41.5
23.8,41.3
24.0,41.3
24.2,41.3
24.3,41.3
24.5,41.2
24.7,41.2
24.8,41.2
24.8,41.0
25.0,41.0
25.2,41.0
25.3,41.0
25.3,40.8
25.5,40.8
25.7,40.8
25.8,40.8
26.0,40.8
26.2,40.8
26.2,40.7
26.3,40.7
26.5,40.7
26.7,40.7
26.8,40.5
27.0,40.5
27.2,40.5
27.3,40.5
27.5,40.5
27.7,40.5
27.8,40.5
28.2,40.5
28.3,40.5
28.5,40.5
28.7,40.5
28.8,40.5
29.0,40.5
29.2,40.5
29.3,40.5
29.5,40.5
29.5,40.7
29.7,40.7
29.8,40.7
30.0,40.8
30.2,40.8
30.3,40.8
30.3,41.0
30.5,41.0
30.7,41.2
30.8,41.2
30.8,41.3
31.0,41.3
31.2,41.5
31.3,41.5
31.3,41.7
31.5,41.7
31.5,41.8
31.7,41.8
31.8,42.0
31.8,42.2
32.0,42.2
32.0,42.3
32.2,42.3
32.2,42.5
32.3,42.7
32.3,42.8
32.5,42.8
32.5,43.0
32.7,43.2
32.7,43.3
32.8,43.3
32.8,43.5
32.8,43.7
33.0,43.8
33.0,44.0
33.0,44.2
33.2,44.2
33.2,44.3
33.2,44.5
33.3,44.7
33.3,44.8
33.3,45.0
33.5,45.2
33.5,45.3
33.5,45.5
33.7,45.5
33.7,45.7
33.7,45.8
33.7,46.0
33.8,46.0
33.8,46.2
33.8,46.3
33.8,46.5
34.0,46.7
34.0,46.8
34.0,47.0
34.0,47.2
34.2,47.3
34.2,47.5
34.2,47.7
34.2,47.8
34.3,48.0
34.3,48.2
34.3,48.3
34.3,48.5
34.3,48.7
34.3,49.0
34.5,49.0
34.5,49.3
34.5,49.5
34.5,49.7
34.5,49.8
34.5,50.0
34.5,50.2
34.5,50.5
34.5,50.7
34.5,50.8
34.7,51.0
34.7,51.2
34.7,51.3
34.8,51.5
34.8,51.7
34.8,51.8
34.8,52.2
34.8,52.3
34.8,52.7
34.8,52.8
34.8,53.0
34.8,53.2
34.8,53.3
34.8,53.5
34.8,53.7
34.8,53.8
34.8,54.0
34.8,54.2
34.8,54.3
34.8,54.5
34.8,54.7
34.8,54.8
34.8,55.0
34.8,55.2
34.8,55.3
34.8,55.5
34.8,55.7
34.7,55.7
34.7,55.8
34.7,56.0
34.7,56.2
34.7,56.3
34.7,56.5
34.5,56.7
34.5,56.8
34.5,57.0
34.5,57.2
34.5,57.3
34.5,57.5
34.3,57.5
34.3,57.7
34.3,57.8
34.3,58.0
34.2,58.0
34.2,58.2
34.2,58.3
34.2,58.5
34.2,58.7
34.0,58.8
34.0,59.0
33.8,59.0
33.8,59.2
33.8,59.3
33.8,59.5
33.7,59.5
33.7,59.7
33.7,59.8
33.5,59.8
33.5,60.0
33.5,60.2
33.5,60.3
33.3,60.3
33.3,60.5
33.3,60.7
33.2,60.8
33.2,61.0
33.2,61.2
33.2,61.3
33.0,61.3
33.0,61.5
32.8,61.7
32.8,61.8
32.8,62.0
32.7,62.2
32.7,62.3
32.5,62.5
32.5,62.7
32.3,62.8
32.2,63.0
32.2,63.2
32.0,63.2
32.0,63.3
31.8,63.3
31.8,63.5
31.8,63.7
31.7,63.8
31.5,63.8
31.5,64.0
31.3,64.0
31.3,64.2
31.2,64.2
31.2,64.3
31.0,64.3
30.8,64.3
30.8,64.5
30.8,64.7
30.7,64.7
30.5,64.8
30.3,64.8
30.3,65.0
30.2,65.0
30.2,65.2
30.0,65.2
30.0,65.3
30.0,65.5
29.8,65.5
29.8,65.7
29.7,65.7
29.7,65.8
29.5,65.8
29.5,66.0
29.3,66.0
29.3,66.2
29.2,66.2
29.2,66.3
29.0,66.3
29.0,66.5
28.8,66.5
28.8,66.7
28.7,66.7
28.5,66.8
28.3,67.0
28.2,67.0
28.2,67.2
28.0,67.2
28.0,67.3
27.8,67.3
27.8,67.5
27.7,67.5
27.5,67.7
27.3,67.8
27.2,68.0
27.0,68.0
27.0,68.2
26.8,68.2
26.7,68.3
26.5,68.5
26.3,68.7
26.2,68.7
26.0,68.8
26.0,69.0
25.8,69.0
25.7,69.0
25.5,69.2
25.3,69.3
25.2,69.3
25.0,69.5
24.8,69.5
24.8,69.7
24.7,69.7
24.5,69.7
24.5,69.8
24.3,69.8
24.2,70.0
24.0,70.0
23.8,70.2
23.7,70.2
23.5,70.2
23.3,70.2
23.3,70.3
23.0,70.3
22.8,70.3
22.7,70.3
22.5,70.3
22.5,70.5
22.3,70.5
22.2,70.5
22.0,70.5
21.8,70.5
21.7,70.5
21.7,70.7
21.5,70.7
21.3,70.7
21.2,70.7
21.0,70.7
21.0,70.8
20.8,70.8
20.7,70.8
20.5,70.8
20.3,70.8
20.2,70.8
20.0,70.8
19.8,71.0
19.7,71.0
19.5,71.0
19.3,71.0
19.2,71.0
19.0,71.0
18.8,71.0
18.7,71.0
18.5,71.0
18.3,71.0
18.2,71.0
18.0,71.0
17.8,71.0
17.7,71.0
17.5,71.0
17.3,71.0
17.2,71.0
17.0,71.0
16.8,71.0
16.7,71.0
16.5,71.0
16.3,71.0
16.2,71.0
16.0,71.0
15.8,71.0
15.7,71.0
15.5,71.0
15.3,71.0
15.2,71.0
15.0,71.0
14.8,71.0
14.7,71.0
14.5,71.0
14.3,71.0
14.2,71.0
14.0,71.0
13.8,71.0
13.7,71.0
13.5,71.0
13.5,71.2
13.3,71.2
13.2,71.2
13.0,71.3
12.8,71.5
12.7,71.7
12.5,71.7
12.3,71.7
12.3,71.8
12.2,71.8
12.0,72.0
12.0,72.2
11.8,72.2
11.7,72.3
11.7,72.5
11.7,72.7
11.5,72.7
11.5,72.8
11.5,73.0
11.5,73.2
11.5,73.3
11.5,73.5
11.5,73.7
11.5,73.8
11.3,73.8
11.3,74.0
11.3,74.2
11.3,74.3
11.3,74.5
11.3,74.7
11.3,74.8
11.3,75.0
11.3,75.2
11.3,75.5
11.3,75.8
11.3,76.0
11.3,76.2
11.3,76.3
11.3,76.7
11.5,76.8
11.5,77.0
11.5,77.2
11.5,77.3
11.7,77.5
11.7,77.7
11.7,77.8
11.7,78.0
11.8,78.2
12.0,78.3
12.0,78.5
12.0,78.7
12.2,78.7
12.2,78.8
12.2,79.0
12.3,79.0
12.3,79.2
12.5,79.3
12.5,79.5
12.7,79.5
12.7,79.7
12.8,79.7
12.8,79.8
13.0,80.0
13.2,80.0
13.2,80.2
13.3,80.2
13.3,80.3
13.5,80.5
13.7,80.5
13.7,80.7
13.8,80.8
14.0,80.8
14.2,81.0
14.3,81.2
14.5,81.2
14.5,81.3
14.7,81.3
14.8,81.5
15.0,81.5
15.0,81.7
15.2,81.7
15.2,81.8
15.3,81.8
15.5,82.0
15.7,82.0
15.7,82.2
15.8,82.2
15.8,82.3
16.0,82.3
16.0,82.5
16.2,82.5
16.3,82.5
16.5,82.5
16.5,82.7
16.7,82.7
16.8,82.7
17.0,82.7
17.2,82.7
17.3,82.7
17.5,82.7
17.7,82.7
17.8,82.7
18.0,82.7
18.2,82.7
18.3,82.7
18.5,82.7
18.7,82.7
18.8,82.7
19.0,82.7
19.2,82.7
19.3,82.7
19.5,82.7
19.7,82.7
19.8,82.7
20.0,82.7
20.2,82.7
20.3,82.7
20.5,82.7
20.5,82.5
20.7,82.5
20.8,82.5
21.0,82.5
21.2,82.5
21.3,82.5
21.5,82.5
21.7,82.3
21.8,82.3
22.0,82.3
22.2,82.3
22.2,82.2
22.3,82.2
22.5,82.2
22.7,82.0
22.8,82.0
23.0,82.0
23.0,81.8
23.2,81.8
23.3,81.8
23.5,81.8
23.7,81.8
23.7,81.7
23.8,81.7
24.0,81.7
24.2,81.7
24.3,81.7
24.5,81.7
24.5,81.5
24.7,81.5
24.8,81.5
25.0,81.5
25.0,81.3
25.2,81.3
25.3,81.3
25.3,81.2
25.5,81.2
25.7,81.2
25.8,81.0
26.0,81.0
26.0,80.8
26.2,80.8
26.3,80.8
26.3,80.7
26.5,80.7
26.7,80.5
26.8,80.5
26.8,80.3
27.0,80.3
27.2,80.2
27.3,80.2
27.3,80.0
27.5,80.0
27.7,79.8
27.8,79.8
27.8,79.7
28.0,79.7
28.0,79.5
28.2,79.5
28.3,79.3
28.5,79.2
28.7,79.2
28.8,79.0
29.0,79.0
29.0,78.8
29.2,78.8
29.2,78.7
29.3,78.7
29.5,78.7
29.5,78.5
29.7,78.5
29.8,78.5
29.8,78.3
30.0,78.3
30.2,78.3
30.2,78.2
30.3,78.2
30.3,78.0
30.5,78.0
30.7,77.8
30.8,77.8
30.8,77.7
31.0,77.7
31.0,77.5
31.2,77.5
31.2,77.3
31.3,77.3
31.3,77.2
31.5,77.2
31.5,77.0
31.7,76.8
31.8,76.8
31.8,76.7
32.0,76.7
32.0,76.5
32.2,76.5
32.3,76.5
32.3,76.3
32.3,76.2
32.5,76.2
32.5,76.0
32.7,76.0
32.7,75.8
32.8,75.8
32.8,75.7
33.0,75.7
33.0,75.5
33.2,75.5
33.2,75.3
33.2,75.2
33.3,75.2
33.3,75.0
33.5,75.0
33.5,74.8
33.7,74.8
33.7,74.7
33.8,74.7
33.8,74.5
34.0,74.5
34.0,74.3
34.2,74.3
34.2,74.2
34.3,74.2
34.3,74.0
34.5,73.8
34.7,73.8
34.7,73.7
34.8,73.5
35.0,73.5
35.0,73.3
35.2,73.2
35.3,73.2
35.3,73.0
35.5,72.8
35.5,72.7
35.7,72.7
35.7,72.5
35.8,72.5
35.8,72.3
36.0,72.3
36.0,72.2
36.2,72.0
36.2,71.8
36.3,71.8
36.3,71.7
36.5,71.7
36.5,71.5
36.7,71.5
36.7,71.3
36.8,71.3
36.8,71.2
37.0,71.2
37.0,71.0
37.2,71.0
37.2,70.8
37.2,70.7
37.3,70.7
37.3,70.5
37.5,70.3
38.0,69.3
38.3,69.0
38.5,68.7
38.8,68.2
39.0,68.0
39.2,67.7
39.3,67.5
39.3,67.3
39.5,67.2
39.7,67.2
39.7,67.0
39.7,66.8
39.7,66.7
39.7,66.5
39.7,66.3
39.7,66.2
39.7,66.0
39.7,65.8
39.7,65.7
39.7,65.5
39.8,65.5
39.8,65.3
39.8,65.2
39.8,65.3
39.8,65.5
39.8,65.7
39.8,65.8
39.8,66.0
39.8,66.2
39.8,66.3
39.8,66.5
39.8,66.7
39.8,66.8
39.8,67.0
39.8,67.2
39.8,67.3
39.8,67.5
39.8,67.7
39.8,67.8
39.7,67.8
39.7,68.0
39.7,68.2
39.7,68.3
39.7,68.5
39.5,68.5
39.5,68.7
39.5,68.8
39.5,69.0
39.3,69.0
39.3,69.2
39.3,69.3
39.3,69.5
39.2,69.5
39.2,69.7
39.2,69.8
39.0,69.8
39.0,70.0
39.0,70.2
39.0,70.3
38.8,70.3
38.8,70.5
38.8,70.7
38.7,70.8
38.7,71.0
38.7,71.2
38.5,71.3
38.5,71.5
38.5,71.7
38.3,71.8
38.3,72.0
38.3,72.2
38.2,72.3
38.2,72.5
38.2,72.7
38.0,72.8
38.0,73.0
38.0,73.2
37.8,73.3
37.8,73.5
37.8,73.7
37.7,73.7
37.7,73.8
37.7,74.0
37.7,74.2
37.7,74.3
37.5,74.3
37.5,74.5
37.5,74.7
37.3,74.8
37.3,75.0
37.3,75.2
37.2,75.3
37.2,75.5
37.2,75.7
37.0,75.8
37.0,76.0
37.0,76.2
36.8,76.3
36.8,76.5
36.8,76.7
36.8,76.8
36.8,77.0
36.7,77.0
36.7,77.2
36.7,77.3
36.7,77.5
36.5,77.7
36.5,77.8
36.5,78.0
36.5,78.2
36.5,78.3
36.3,78.5
36.3,78.7
36.3,78.8
36.3,79.0
36.3,79.2
36.3,79.3
36.3,79.5
36.3,79.7
36.3,79.8
36.3,80.0
36.3,80.2
36.3,80.3
36.3,80.5
36.3,80.7
36.3,80.8
36.3,81.0
36.5,81.0
36.5,81.2
36.5,81.3
36.5,81.5
36.5,81.7
36.7,81.7
36.7,81.8
36.8,81.8
36.8,82.0
37.0,82.0
37.0,82.2
37.2,82.2
37.3,82.2
37.5,82.2
37.7,82.2
37.8,82.2
38.0,82.2
38.2,82.2
38.3,82.2
38.5,82.2
38.7,82.2
38.8,82.2
39.0,82.2
39.2,82.0
39.3,82.0
39.5,82.0
39.5,81.8
39.7,81.8
39.8,81.8
39.8,81.7
40.0,81.7
40.2,81.7
40.3,81.7
40.3,81.5
40.5,81.5
40.7,81.5
40.8,81.5
40.8,81.3
41.0,81.3
41.2,81.3
41.3,81.2
41.5,81.2
41.7,81.2
41.7,81.0
41.8,81.0
42.0,81.0
42.2,81.0
42.2,80.8
42.3,80.8
42.3,80.7
42.5,80.7
42.7,80.7
42.8,80.5
43.0,80.5
43.2,80.3
43.3,80.2
43.5,80.2
43.5,80.0
43.7,80.0
43.7,79.8
43.8,79.8
43.8,79.7
44.0,79.7
44.2,79.5
44.3,79.3
44.3,79.2
44.5,79.2
44.5,79.0
44.7,79.0
44.7,78.8
44.8,78.7
44.8,78.5
45.0,78.5
45.0,78.3
45.0,78.2
45.2,78.2
45.2,78.0
45.3,78.0
45.3,77.8
45.3,77.7
45.5,77.7
45.5,77.5
45.7,77.5
45.7,77.3
45.8,77.3
45.8,77.2
46.0,77.2
46.0,77.0
46.2,77.0
46.2,76.8
46.3,76.8
46.3,76.7
46.5,76.5
46.7,76.3
46.8,76.2
46.8,76.0
47.0,76.0
47.0,75.8
47.0,75.7
47.2,75.7
47.2,75.5
47.2,75.3
47.3,75.2
47.5,74.5
47.7,74.2
47.8,74.0
47.8,73.7
48.0,73.3
48.0,73.2
48.2,73.0
48.2,72.8
48.3,72.8
48.3,72.7
48.3,72.5
48.5,72.5
48.5,72.3
48.5,72.2
48.7,71.7
48.8,71.3
49.0,71.0
49.0,70.8
49.2,70.5
49.3,70.3
49.3,70.2
49.5,70.2
49.5,70.0
49.5,69.8
49.7,69.8
49.7,69.7
49.8,69.7
49.8,69.5
49.8,69.3
50.0,69.0
50.2,68.8
50.3,68.7
50.5,68.3
50.5,68.2
50.7,68.2
50.7,68.0
50.8,67.8
51.0,67.7
51.0,67.5
51.2,67.5
51.2,67.3
51.3,67.0
51.3,66.8
51.5,66.7
51.5,66.5
51.7,66.5
51.7,66.3
51.8,66.3
51.8,66.2
51.8,66.0
52.0,66.0
52.0,65.8
52.2,65.8
52.2,65.7
52.3,65.7
52.3,65.5
52.5,65.3
52.7,65.3
52.8,65.3
52.8,65.2
53.0,65.2
53.2,65.2
53.3,65.2
53.5,65.2
53.7,65.2
53.8,65.2
54.0,65.2
54.0,65.3
54.0,65.5
54.0,65.7
54.0,65.8
54.0,66.0
54.0,66.2
54.0,66.3
54.2,66.3
54.2,66.5
54.2,66.7
54.2,66.8
54.3,66.8
54.3,67.0
54.3,67.2
54.3,67.3
54.5,67.5
54.5,67.7
54.5,67.8
54.7,68.0
54.7,68.2
54.7,68.3
54.8,68.3
54.8,68.5
54.8,68.7
54.8,68.8
54.8,69.0
54.8,69.2
55.0,69.3
55.0,69.5
55.0,69.7
55.0,69.8
55.0,70.0
55.2,70.0
55.2,70.2
55.2,70.3
55.2,70.5
55.3,70.7
55.3,70.8
55.3,71.0
55.3,71.2
55.5,71.3
55.5,71.5
55.5,71.7
55.7,71.7
55.7,71.8
55.7,72.0
55.8,72.2
55.8,72.3
55.8,72.5
55.8,72.7
56.0,72.7
56.0,72.8
56.0,73.0
56.2,73.2
56.2,73.3
56.2,73.5
56.2,73.7
56.3,73.8
56.3,74.0
56.3,74.2
56.5,74.3
56.5,74.5
56.5,74.7
56.7,74.8
56.7,75.0
56.7,75.2
56.8,75.3
56.8,75.5
57.0,75.7
57.0,75.8
57.2,76.0
57.2,76.2
57.3,76.3
57.3,76.5
57.5,76.5
57.5,76.7
57.7,76.8
57.7,77.0
57.8,77.0
57.8,77.2
57.8,77.3
58.0,77.3
58.0,77.5
58.2,77.5
58.2,77.7
58.3,77.7
58.3,77.8
58.5,77.8
58.5,78.0
58.7,78.0
58.7,78.2
58.8,78.2
58.8,78.3
59.0,78.3
59.0,78.5
59.2,78.5
59.3,78.5
59.3,78.7
59.5,78.7
59.5,78.8
59.7,78.8
59.8,78.8
60.0,78.8
60.0,79.0
60.2,79.0
60.3,79.0
60.3,79.2
60.5,79.2
60.7,79.2
60.8,79.2
61.0,79.2
61.2,79.2
61.3,79.2
61.5,79.2
61.7,79.2
61.8,79.2
62.0,79.2
62.2,79.2
62.3,79.2
62.5,79.2
62.8,79.2
63.0,79.2
63.2,79.2
63.3,79.2
63.5,79.2
63.7,79.2
63.8,79.2
63.8,79.0
64.0,79.0
64.2,79.0
64.3,79.0
64.5,78.8
64.7,78.8
64.7,78.7
64.8,78.7
65.0,78.7
65.2,78.7
65.2,78.5
65.3,78.5
65.5,78.5
65.5,78.3
65.7,78.3
65.8,78.3
65.8,78.2
66.0,78.2
66.2,78.2
66.2,78.0
66.3,78.0
66.5,78.0
66.7,77.8
66.8,77.8
66.8,77.7
67.0,77.7
67.0,77.5
67.0,77.3
67.2,77.3
67.2,77.2
67.3,77.2
67.3,77.0
67.5,77.0
67.5,76.8
67.7,76.7
67.8,76.5
67.8,76.2
68.3,75.5
68.5,75.2
68.7,74.8
68.8,74.5
69.0,74.2
69.2,74.0
69.2,73.8
69.3,73.7
69.3,73.5
69.5,73.5
69.5,73.3
69.7,72.7
69.8,72.3
70.0,72.0
70.2,71.7
70.2,71.5
70.3,71.2
70.3,71.0
70.5,71.0
70.5,70.8
70.5,70.7
70.7,70.7
70.7,70.5
70.7,70.3
70.7,70.2
70.7,70.0
70.8,69.8
70.8,69.7
70.8,69.5
70.8,69.3
70.8,69.2
71.0,69.2
71.0,69.0
71.0,68.8
71.0,68.7
71.0,68.3
71.0,68.2
71.0,68.0
71.0,67.8
71.2,67.7
71.2,67.5
71.2,67.3
71.2,67.2
71.2,67.0
71.2,66.8
71.2,66.7
71.2,66.5
71.3,66.5
71.3,66.3
71.3,66.2
71.3,66.0
71.3,65.8
71.3,65.7
71.3,65.5
71.3,65.3
71.3,65.2
71.3,64.8
71.3,64.7
71.3,64.5
71.3,64.3
71.3,64.2
71.3,64.0
71.3,63.8
71.3,63.7
71.3,63.5
71.3,63.3
71.3,63.2
71.3,63.0
71.3,62.8
71.3,62.7
71.2,62.3
71.2,62.0
71.0,61.7
71.0,61.5
71.0,61.3
71.0,61.2
71.0,61.0
70.8,60.8
70.8,60.7
70.8,60.5
70.7,60.2
70.7,60.0
70.7,59.8
70.5,59.7
70.5,59.5
70.5,59.3
70.5,59.2
70.3,59.2
70.3,59.0
70.3,58.8
70.3,58.7
70.2,58.7
70.2,58.5
70.2,58.3
70.0,58.3
70.0,58.2
70.0,58.0
70.0,57.8
69.8,57.8
69.8,57.7
69.8,57.5
69.7,57.5
69.7,57.3
69.7,57.2
69.5,57.2
69.5,57.0
69.3,56.8
69.3,56.7
69.2,56.7
69.2,56.5
69.0,56.5
69.0,56.3
68.8,56.3
68.8,56.2
68.7,56.2
68.7,56.0
68.5,56.0
68.3,55.8
68.2,55.8
68.2,55.7
68.0,55.7
67.8,55.7
67.8,55.5
67.7,55.5
67.5,55.5
67.3,55.5
67.2,55.5
67.2,55.3
67.0,55.3
66.8,55.3
66.8,55.5
66.8,55.7
66.8,55.8
66.8,56.0
66.8,56.2
66.8,56.3
66.8,56.5
66.8,56.7
66.8,56.8
66.8,57.0
66.8,57.2
67.0,57.3
67.0,57.5
67.0,57.7
67.0,57.8
67.0,58.0
67.0,58.2
67.0,58.3
67.0,58.5
67.0,58.7
67.0,58.8
67.0,59.0
67.0,59.2
67.0,59.3
67.0,59.5
67.0,59.7
67.0,59.8
67.0,60.0
67.0,60.2
67.0,60.3
67.0,60.5
67.0,60.7
67.0,60.8
67.0,61.0
67.0,61.2
67.0,61.3
67.0,61.5
67.0,61.7
67.0,61.8
66.8,61.8
66.8,62.0
66.8,62.2
66.8,62.3
66.8,62.5
66.8,62.7
66.8,62.8
66.7,63.0
66.7,63.2
66.7,63.3
66.7,63.5
66.5,63.7
66.5,63.8
66.5,64.0
66.5,64.2
66.3,64.2
66.3,64.3
66.3,64.5
66.2,64.5
66.2,64.7
66.2,64.8
66.0,64.8
66.0,65.0
66.0,65.2
65.8,65.2
65.8,65.3
65.7,65.3
65.7,65.5
65.5,65.5
65.5,65.7
65.3,65.7
65.2,65.7
65.2,65.8
65.0,65.8
64.8,65.8
64.7,65.8
64.5,65.8
64.3,65.8
64.2,65.8
64.0,65.8
63.8,65.8
63.7,65.8
63.5,65.8
63.3,65.8
63.3,65.7
63.2,65.7
63.0,65.7
62.8,65.7
62.8,65.5
62.7,65.5
62.5,65.5
62.3,65.3
62.2,65.3
62.2,65.2
62.0,65.2
61.8,65.0
61.7,65.0
61.7,64.8
61.5,64.8
61.5,64.7
61.3,64.7
61.3,64.5
61.2,64.5
61.2,64.3
61.0,64.3
61.0,64.2
60.8,64.2
60.8,64.0
60.7,64.0
60.7,63.8
60.5,63.8
60.5,63.7
60.3,63.7
60.3,63.5
60.2,63.5
60.2,63.3
60.0,63.3
60.0,63.2
59.8,63.2
59.8,63.0
59.7,63.0
59.7,62.8
59.5,62.7
59.5,62.5
59.3,62.5
59.3,62.3
59.3,62.2
59.2,62.2
59.2,62.0
59.0,62.0
59.0,61.8
58.8,61.7
58.8,61.5
58.8,61.3
58.7,61.3
58.7,61.2
58.7,61.0
58.5,61.0
58.5,60.8
58.5,60.7
58.5,60.5
58.3,60.3
58.3,60.2
58.2,60.0
58.2,59.8
58.2,59.7
58.0,59.7
58.0,59.5
58.0,59.3
58.0,59.2
58.0,59.0
57.8,59.0
57.8,58.8
57.8,58.7
57.8,58.5
57.7,58.5
57.7,58.3
57.7,58.2
57.7,58.0
57.7,57.8
57.5,57.8
57.5,57.7
57.5,57.5
57.5,57.3
57.5,57.2
57.3,57.2
57.3,57.0
57.3,56.8
57.3,56.7
57.3,56.5
57.3,56.3
57.3,56.2
57.3,56.0
57.3,55.8
57.3,55.7
57.3,55.5
57.2,55.5
57.2,55.3
57.2,55.2
57.2,55.0
57.2,54.8
57.2,54.7
57.0,54.7
57.0,54.5
57.0,54.3
57.0,54.2
57.0,54.0
57.0,53.8
57.0,53.7
57.0,53.5
57.0,53.3
56.8,53.2
56.8,53.0
56.8,52.8
56.8,52.7
56.8,52.5
56.8,52.3
56.8,52.2
56.8,52.0
56.8,51.8
56.8,51.7
56.8,51.5
56.8,51.3
56.8,51.2
56.8,51.0
56.8,50.8
56.8,50.7
56.7,50.5
56.7,50.3
56.7,50.2
56.7,50.0
56.7,49.8
56.7,49.7
56.7,49.5
56.7,49.3
56.7,49.2
56.7,49.0
56.7,48.8
56.7,48.7
56.7,48.5
56.7,48.3
56.7,48.2
56.7,48.0
56.7,47.8
56.7,47.7
56.7,47.5
56.7,47.3
56.7,47.2
56.7,47.0
56.7,46.8
56.7,46.7
56.7,46.5
56.7,46.3
56.7,46.2
56.7,46.0
56.8,46.0
56.8,45.8
56.8,45.7
56.8,45.5
57.0,45.5
57.0,45.3
57.0,45.2
57.0,45.0
57.0,44.8
57.0,44.7
57.0,44.5
57.2,44.5
57.2,44.3
57.3,44.3
57.5,44.3
57.5,44.2
57.7,44.2
57.7,44.0
57.8,44.0
57.8,43.8
57.8,43.7
58.0,43.7
58.0,43.5
58.2,43.5
58.2,43.3
58.3,43.3
58.3,43.2
58.5,43.0
58.7,42.8
58.7,42.7
58.8,42.7
59.0,42.7
59.0,42.5
59.2,42.3
59.3,42.3
59.3,42.2
59.5,42.2
59.7,42.0
59.8,41.8
60.0,41.8
60.2,41.7
60.3,41.7
60.5,41.5
60.7,41.5
60.7,41.3
60.8,41.3
61.0,41.2
61.2,41.2
61.2,41.0
61.3,41.0
61.5,41.0
61.7,41.0
61.7,40.8
61.8,40.8
62.0,40.7
62.2,40.7
62.3,40.5
62.5,40.5
62.7,40.3
62.8,40.3
62.8,40.2
63.0,40.2
63.2,40.2
63.3,40.2
63.3,40.0
63.5,40.0
63.7,40.0
63.7,39.8
63.8,39.8
64.0,39.8
64.2,39.7
64.3,39.7
64.5,39.7
64.5,39.5
64.7,39.5
64.8,39.5
65.0,39.3
65.2,39.3
65.3,39.3
65.3,39.2
65.5,39.2
65.7,39.2
65.8,39.2
66.0,39.2
66.2,39.0
66.3,39.0
66.5,39.0
66.7,38.8
66.8,38.8
67.0,38.8
67.0,38.7
67.2,38.7
67.3,38.7
67.3,38.5
67.5,38.5
67.7,38.5
67.8,38.5
68.0,38.3
68.2,38.3
68.3,38.2
68.5,38.2
68.7,38.2
68.7,38.0
68.8,38.0
69.0,38.0
69.2,38.0
69.3,37.8
69.5,37.8
69.5,37.7
69.7,37.7
69.8,37.7
70.0,37.7
70.2,37.5
70.3,37.5
70.5,37.5
70.7,37.5
70.8,37.3
71.0,37.3
71.2,37.3
71.2,37.2
71.3,37.2
71.5,37.2
71.7,37.2
71.7,37.0
71.8,37.0
72.0,37.0
72.2,37.0
72.3,37.0
72.5,37.0
72.7,37.0
72.7,36.8
72.8,36.8
73.0,36.8
73.2,36.8
73.2,36.7
73.3,36.7
73.5,36.7
73.7,36.7
73.8,36.7
74.0,36.5
74.2,36.5
74.3,36.5
74.3,36.3
74.5,36.3
74.7,36.3
74.7,36.2
74.8,36.2
75.0,36.2
75.2,36.2
75.2,36.0
75.3,36.0
75.5,35.8
75.7,35.8
75.7,35.7
75.8,35.7
75.8,35.5
76.0,35.5
76.0,35.3
76.0,35.2
76.0,35.0
76.0,34.8
76.2,34.8
76.2,34.7
76.2,34.5
76.2,34.3
76.2,34.2
76.2,34.0
76.2,33.8
76.2,33.7
76.2,33.5
76.2,33.3
76.2,33.2
76.2,33.0
76.2,32.8
76.2,32.7
76.2,32.5
76.2,32.3
76.2,32.2
76.2,32.0
76.2,31.8
76.2,31.7
76.2,31.5
76.2,31.3
76.2,31.2
76.2,31.0
76.2,30.8
76.2,30.7
76.2,30.5
76.2,30.3
76.2,30.2
76.2,30.0
76.2,29.8
76.2,29.7
76.2,29.5
76.2,29.3
76.2,29.2
76.2,29.0
76.2,28.8
76.2,28.7
76.2,28.5
76.2,28.3
76.2,28.2
76.0,28.2
76.0,28.0
76.0,27.8
76.0,27.7
76.0,27.5
76.0,27.3
76.0,27.2
75.8,27.0
75.8,26.8
75.8,26.7
75.8,26.5
75.8,26.3
75.7,26.2
75.7,26.0
75.7,25.8
75.7,25.7
75.7,25.5
75.7,25.3
75.5,25.2
75.5,25.0
75.5,24.8
75.5,24.7
75.5,24.5
75.5,24.3
75.5,24.2
75.5,24.0
75.3,24.0
75.3,23.8
75.3,23.7
75.3,23.5
75.3,23.3
75.3,23.2
75.3,23.0
75.3,22.8
75.3,22.7
75.3,22.5
75.3,22.3
75.3,22.2
75.3,22.0
75.3,21.8
75.3,21.7
75.3,21.5
75.3,21.3
75.3,21.2
75.3,21.0
75.3,20.8
75.3,20.7
75.3,20.5
75.5,20.3
75.5,20.2
75.7,20.0
75.7,19.8
75.8,19.8
75.8,19.7
76.0,19.5
76.2,19.3
76.3,19.2
76.5,19.2
76.5,19.0
76.7,19.0
76.7,18.8
76.8,18.8
77.0,18.8
77.2,18.7
77.3,18.7
77.3,18.5
77.5,18.5
77.7,18.5
77.8,18.5
78.0,18.5
78.0,18.3
78.2,18.3
78.3,18.3
78.5,18.3
78.7,18.3
78.8,18.3
79.0,18.3
79.2,18.3
79.3,18.3
79.3,18.5
79.3,18.7
79.5,18.7
79.5,18.8
79.7,18.8
79.7,19.0
79.8,19.0
79.8,19.2
80.0,19.2
80.0,19.3
80.2,19.3
80.2,19.5
80.3,19.5
80.3,19.7
80.5,19.8
80.5,20.0
80.5,20.2
80.7,20.2
80.7,20.3
80.8,20.3
80.8,20.5
80.8,20.7
80.8,20.8
80.8,21.0
80.8,21.2
80.8,21.3
81.0,21.5
81.0,21.7
81.0,21.8
81.0,22.0
81.0,22.2
81.0,22.3
81.0,22.5
81.0,22.7
81.2,22.7
81.2,22.8
81.2,23.0
81.2,23.2
81.2,23.3
81.3,23.3
81.3,23.5
81.3,23.7
81.3,23.8
81.3,24.0
81.5,24.0
81.5,24.2
81.5,24.3
81.5,24.5
81.5,24.7
81.7,24.8
81.7,25.0
81.7,25.2
81.8,25.5
81.8,25.7
81.8,25.8
81.8,26.0
81.8,26.2
82.0,26.2
82.0,26.5
82.0,26.7
82.0,26.8
82.0,27.0
82.0,27.2
82.0,27.3
82.0,27.5
82.0,27.7
82.0,27.8
82.2,28.0
82.2,28.2
82.2,28.3
82.2,28.5
82.2,28.7
82.2,28.8
82.2,29.0
82.2,29.2
82.2,29.3
82.2,29.5
82.2,29.7
82.2,29.8
82.2,30.0
82.2,30.2
82.2,30.3
82.2,30.5
82.2,30.7
82.2,30.8
82.2,31.0
82.2,31.2
82.2,31.3
82.2,31.5
82.2,31.7
82.2,31.8
82.3,32.0
82.3,32.2
82.3,32.3
82.3,32.5
82.3,32.7
82.5,32.7
82.5,32.8
82.5,33.0
82.5,33.2
82.5,33.3
82.7,33.5
82.7,33.7
82.7,33.8
82.7,34.0
82.7,34.2
82.8,34.2
83.0,34.2
83.2,34.2
83.3,34.2
83.5,34.2
83.7,34.2
83.8,34.2
84.0,34.2
84.2,34.2
84.3,34.0
84.5,34.0
84.7,34.0
84.8,34.0
85.0,34.0
85.2,33.8
85.3,33.8
85.5,33.8
85.7,33.8
85.7,33.7
85.8,33.7
86.0,33.7
86.2,33.5
86.3,33.5
86.5,33.5
86.7,33.3
86.8,33.3
87.0,33.3
87.0,33.2
87.2,33.2
87.3,33.2
87.5,33.2
87.7,33.0
87.8,33.0
88.0,32.8
88.2,32.8
88.3,32.8
88.5,32.7
88.7,32.7
88.8,32.7
89.0,32.7
89.2,32.7
89.2,32.5
89.3,32.5
89.5,32.5
89.7,32.5
89.8,32.3
90.0,32.3
90.2,32.3
90.3,32.3
90.3,32.2
90.5,32.2
90.7,32.2
90.8,32.2
91.0,32.0
91.2,32.0
91.3,32.0
91.5,32.0
91.7,31.8
91.8,31.8
92.0,31.8
92.2,31.8
92.3,31.8
92.5,31.8
92.7,31.8
92.8,31.8
93.0,31.8
93.2,31.8
93.3,31.8
93.5,31.8
93.7,31.8
93.8,31.8
94.0,31.8
94.2,31.8
94.3,31.8
94.5,31.8
94.7,31.8
94.8,31.8
95.0,31.8
95.2,31.8
95.3,31.8
95.5,31.8
95.7,31.8
95.8,31.8
95.8,32.0
96.0,32.0
96.2,32.0
96.2,32.2
96.3,32.2
96.5,32.3
96.7,32.3
96.8,32.5
96.8,32.7
97.0,32.7
97.2,32.8
97.3,33.0
97.3,33.2
97.5,33.2
97.5,33.3
97.7,33.3
97.7,33.5
97.7,33.7
97.8,33.8
97.8,34.0
97.8,34.2
98.0,34.3
98.0,34.5
98.0,34.7
98.0,34.8
98.0,35.0
98.0,35.2
98.0,35.3
98.2,35.5
98.2,35.7
98.2,35.8
98.2,36.0
98.3,36.2
98.3,36.3
98.3,36.5
98.3,36.7
98.3,36.8
98.3,37.0
98.3,37.2
98.3,37.3
98.3,37.5
98.3,37.7
98.3,37.8
98.3,38.0
98.3,38.2
98.3,38.3
98.3,38.5
98.3,38.7
98.3,38.8
98.2,38.8
98.2,39.0
98.0,39.2
98.0,39.3
97.8,39.3
97.8,39.5
97.7,39.5
97.7,39.7
97.5,39.7
97.5,39.8
97.3,39.8
97.3,40.0
97.2,40.0
97.0,40.0
97.0,40.2
96.8,40.2
96.7,40.2
96.5,40.2
96.3,40.2
96.3,40.3
96.2,40.3
96.0,40.3
95.8,40.3
95.7,40.3
95.5,40.3
95.3,40.3
95.2,40.3
95.0,40.3
94.8,40.3
94.7,40.3
94.5,40.3
94.3,40.3
94.2,40.3
94.0,40.3
93.8,40.3
93.7,40.3
93.5,40.3
93.3,40.3
93.2,40.3
93.0,40.3
92.8,40.3
92.7,40.3
92.2,40.3
91.5,40.3
91.2,40.3
90.7,40.3
90.2,40.5
89.8,40.5
89.5,40.5
89.3,40.5
89.2,40.7
89.0,40.7
88.8,40.7
88.7,40.7
88.5,40.7
88.3,40.7
88.2,40.7
88.0,40.7
87.8,40.7
87.7,40.7
87.5,40.7
87.5,40.8
87.3,40.8
87.2,40.8
87.0,40.8
86.8,40.8
86.7,40.8
86.7,41.0
86.5,41.0
86.3,41.0
86.2,41.0
86.0,41.0
85.8,41.0
85.7,41.0
85.7,41.2
85.5,41.2
85.3,41.2
85.3,41.3
85.2,41.3
85.0,41.3
84.8,41.3
84.8,41.5
84.8,41.7
84.8,41.8
84.8,42.0
84.8,42.2
84.8,42.3
84.8,42.5
84.8,42.7
84.8,42.8
84.8,43.0
84.8,43.2
85.0,43.2
85.0,43.3
85.0,43.5
85.0,43.7
85.0,43.8
85.0,44.0
85.0,44.2
85.2,44.2
85.2,44.3
85.2,44.5
85.2,44.7
85.3,44.7
85.3,44.8
85.3,45.0
85.3,45.2
85.5,45.2
85.5,45.3
85.5,45.5
85.5,45.7
85.5,45.8
85.7,46.0
85.7,46.2
85.7,46.3
85.7,46.5
85.7,46.7
85.7,46.8
85.7,47.0
85.7,47.2
85.7,47.3
85.7,47.5
85.7,47.7
85.7,47.8
85.7,48.0
85.7,48.2
85.7,48.3
85.7,48.5
85.8,48.5
85.8,48.7
85.8,48.8
85.8,49.0
85.8,49.2
86.0,49.2
86.2,49.2
86.3,49.2
86.5,49.2
86.7,49.2
86.8,49.2
87.0,49.2
87.2,49.2
87.2,49.0
87.3,49.0
87.5,49.0
87.7,49.0
87.8,49.0
88.0,49.0
88.2,49.0
88.3,49.0
88.5,49.0
88.7,49.0
88.8,49.0
89.0,49.0
89.2,49.0
89.3,49.0
89.5,49.0
89.7,49.2
89.8,49.2
90.0,49.2
90.2,49.2
90.3,49.2
90.3,49.3
90.5,49.3
90.7,49.3
90.8,49.3
91.0,49.5
91.2,49.5
91.3,49.7
91.5,49.7
91.5,49.8
91.7,49.8
91.8,49.8
92.0,50.0
92.2,50.0
92.3,50.2
92.5,50.2
92.7,50.2
92.7,50.3
92.8,50.3
93.0,50.3
93.0,50.5
93.2,50.5
93.3,50.5
93.3,50.7
93.5,50.7
93.5,50.8
93.7,50.8
93.8,51.0
94.0,51.0
94.0,51.2
94.2,51.2
94.2,51.3
94.3,51.3
94.3,51.5
94.5,51.5
94.7,51.7
94.8,51.7
94.8,51.8
95.0,51.8
95.0,52.0
95.2,52.0
95.3,52.2
95.5,52.2
95.5,52.3
95.5,52.5
95.7,52.5
95.7,52.7
95.8,52.7
95.8,52.8
96.0,53.0
96.0,53.2
96.2,53.2
96.2,53.3
96.3,53.3
96.3,53.5
96.3,53.7
96.5,53.7
96.5,53.8
96.7,53.8
96.7,54.0
96.7,54.2
96.7,54.3
96.8,54.3
96.8,54.5
96.8,54.7
97.0,54.7
97.0,54.8
97.0,55.0
97.0,55.2
97.2,55.2
97.2,55.3
97.2,55.5
97.3,55.5
97.3,55.7
97.3,55.8
97.5,56.0
97.5,56.2
97.5,56.3
97.7,56.3
97.7,56.5
97.7,56.7
97.7,56.8
97.8,56.8
97.8,57.0
97.8,57.2
97.8,57.3
97.8,57.5
97.8,57.7
97.8,57.8
97.8,58.0
97.8,58.2
97.8,58.3
98.0,58.3
98.0,58.5
98.0,58.7
98.0,58.8
98.0,59.0
98.0,59.2
98.0,59.3
98.0,59.5
98.0,59.7
98.0,59.8
98.0,60.0
98.0,60.2
98.0,60.3
98.0,60.5
98.0,60.7
98.2,60.8
98.2,61.0
98.2,61.2
98.2,61.3
98.2,61.5
98.2,61.7
98.2,61.8
98.2,62.0
98.2,62.2
98.2,62.3
98.2,62.5
98.2,62.7
98.2,62.8
98.2,63.0
98.2,63.2
98.2,63.3
98.2,63.5
98.2,63.8
98.2,64.2
98.2,64.3
98.2,64.5
98.2,64.7
98.2,64.8
98.2,65.0
98.2,65.2
98.2,65.3
98.2,65.5
98.2,65.7
98.2,65.8
98.2,66.0
98.2,66.2
98.0,66.3
98.0,66.5
98.0,66.7
98.0,66.8
98.0,67.0
98.0,67.2
98.0,67.3
97.8,67.3
97.8,67.5
97.8,67.7
97.8,67.8
97.8,68.0
97.8,68.2
97.8,68.3
97.7,68.3
97.7,68.5
97.7,68.7
97.7,68.8
97.7,69.0
97.5,69.0
97.5,69.2
97.5,69.3
97.5,69.5
97.5,69.7
97.3,69.8
97.3,70.0
97.3,70.2
97.3,70.3
97.2,70.3
97.2,70.5
97.2,70.7
97.2,70.8
97.2,71.0
97.0,71.2
97.0,71.3
96.8,71.3
96.8,71.5
96.8,71.7
96.7,71.8
96.7,72.0
96.5,72.0
96.5,72.2
96.5,72.3
96.3,72.3
96.3,72.5
96.2,72.5
96.2,72.7
96.0,72.7
96.0,72.8
96.0,73.0
95.8,73.0
95.8,73.2
95.7,73.3
95.7,73.5
95.5,73.5
95.5,73.7
95.5,73.8
95.3,73.8
95.3,74.0
95.2,74.0
95.2,74.2
95.0,74.2
95.0,74.3
94.8,74.3
94.8,74.5
94.7,74.5
94.7,74.7
94.5,74.7
94.5,74.8
94.3,74.8
94.3,75.0
94.2,75.0
94.2,75.2
94.0,75.2
94.0,75.3
93.8,75.3
93.8,75.5
93.7,75.5
93.5,75.7
93.3,75.7
93.3,75.8
93.2,75.8
93.2,76.0
93.0,76.0
92.8,76.0
92.7,76.2
92.5,76.2
92.5,76.3
92.3,76.3
92.2,76.5
92.0,76.5
92.0,76.7
91.8,76.7
91.7,76.8
91.5,76.8
91.5,77.0
91.3,77.0
91.2,77.0
91.0,77.0
91.0,77.2
90.8,77.2
90.7,77.3
90.5,77.3
90.3,77.5
90.2,77.5
90.0,77.5
89.8,77.7
89.7,77.7
89.7,77.8
89.5,77.8
89.3,77.8
89.2,78.0
89.0,78.0
88.8,78.2
88.7,78.2
88.5,78.2
88.3,78.2
88.3,78.3
88.2,78.3
88.0,78.3
87.8,78.3
87.7,78.5
87.5,78.5
87.3,78.5
87.2,78.5
87.0,78.7
86.8,78.7
86.7,78.7
86.5,78.7
86.3,78.7
86.2,78.8
86.0,78.8
85.8,78.8
85.7,78.8
85.5,78.8
85.3,78.8
85.2,78.8
85.0,79.0
84.8,79.0
84.7,79.0
84.5,79.0
84.3,79.0
84.2,79.0
84.0,79.0
83.8,79.0
83.7,79.0
83.5,79.0
83.3,79.0
83.2,79.0
83.0,79.0
82.8,79.0
82.7,79.0
82.5,79.2
82.3,79.2
82.2,79.2
82.0,79.2
81.8,79.2
81.7,79.2
81.5,79.2
81.3,79.2
81.2,79.2
81.2,79.0
81.0,79.0
80.8,79.0
80.8,78.8
80.7,78.8
80.7,78.7
80.5,78.7
80.5,78.5
80.3,78.5
80.3,78.3
80.3,78.2
80.2,78.2
80.2,78.0
80.0,78.0
80.0,77.8
79.8,77.8
79.8,77.7
79.7,77.7
79.7,77.5
79.5,77.3
79.5,77.2
79.3,77.2
79.3,77.0
79.2,76.8
79.2,76.7
79.0,76.7
79.0,76.5
79.0,76.3
78.8,76.3
78.8,76.2
78.8,76.0
78.7,75.8
78.7,75.7
78.7,75.5
78.7,75.3
78.7,75.2
78.7,75.0
78.7,74.8
78.7,74.7
78.7,74.5
78.7,74.3
78.8,74.3
78.8,74.2
79.0,74.2
79.0,74.0
79.2,74.0
79.2,73.8
79.3,73.8
79.5,73.8
79.7,73.8
79.8,73.8
80.0,73.8
80.2,73.8
80.3,73.8
80.5,73.8
80.7,73.8
80.8,73.8
81.0,73.8
81.2,73.8
81.2,74.0
81.3,74.0
81.5,74.0
81.7,74.0
81.8,74.0
82.0,74.0
82.2,74.0
82.3,74.0
82.5,74.0
82.7,74.0
82.8,74.0
83.0,74.0
83.0,73.8
83.2,73.8
83.3,73.8
83.5,73.8
83.5,73.7
83.7,73.7
83.8,73.7
84.0,73.7
84.2,73.7
84.2,73.5
84.3,73.5
84.5,73.5
84.7,73.5
84.7,73.3
84.8,73.3
85.0,73.3
85.0,73.2
85.2,73.2
85.3,73.2
85.5,73.2
85.5,73.0
85.7,73.0
85.8,73.0
86.0,72.8
86.2,72.8
86.3,72.8
86.5,72.8
86.5,72.7
86.7,72.7
86.7,72.5
86.8,72.5
87.0,72.5
87.0,72.3
87.2,72.3
87.3,72.3
87.3,72.2
87.5,72.2
87.7,72.0
87.8,71.8
88.0,71.8
88.0,71.7
88.2,71.7
88.2,71.5
88.3,71.5
88.3,71.3
88.5,71.3
88.5,71.2
88.7,71.2
88.7,71.0
88.8,71.0
88.8,70.8
88.8,70.7
89.0,70.7
89.0,70.5
89.0,70.3
89.2,70.3
89.3,70.2
89.3,70.0
89.3,69.8
89.5,69.8
89.5,69.7
89.7,69.7
89.7,69.5
89.8,69.3
90.0,69.3
90.0,69.2
90.0,69.0
90.2,69.0
90.2,68.8
90.3,68.8
90.3,68.7
90.3,68.5
90.5,68.5
90.5,68.3
90.7,68.2
90.7,68.0
90.8,68.0
90.8,67.8
90.8,67.7
91.0,67.7
91.0,67.5
91.0,67.3
91.0,67.2
91.2,67.2
91.2,67.0
91.2,66.8
91.2,66.7
91.2,66.5
91.2,66.3
91.3,66.3
91.3,66.2
91.3,66.0
91.3,65.8
91.5,65.8
91.5,65.7
91.5,65.5
91.5,65.3
91.7,65.3
91.7,65.2
91.7,65.0
91.7,64.8
91.7,64.7
91.8,64.5
91.8,64.3
91.8,64.2
91.8,64.0
91.8,63.8
91.8,63.7
91.8,63.5
91.8,63.3
91.8,63.2
91.8,63.0
92.0,63.0
92.0,62.8
92.0,62.7
92.0,62.5
92.0,62.3
92.0,62.2
92.2,62.2
92.2,62.0
92.2,61.8
92.2,61.7
92.0,61.5
92.0,61.3
92.0,61.2
91.8,61.2
91.8,61.0
91.8,60.8
91.7,60.8
91.7,60.7
91.7,60.5
91.5,60.5
91.5,60.3
91.5,60.2
91.5,60.0
91.3,60.0
91.3,59.8
91.3,59.7
91.2,59.7
91.2,59.5
91.2,59.3
91.0,59.3
91.0,59.2
90.8,59.0
90.8,58.8
90.8,58.7
90.7,58.7
90.7,58.5
90.5,58.3
90.5,58.2
90.5,58.0
90.3,58.0
90.3,57.8
90.2,57.8
90.2,57.7
90.2,57.5
90.0,57.5
90.0,57.3
89.8,57.2
89.8,57.0
89.7,56.8
89.5,56.8
89.5,56.7
89.5,56.5
89.3,56.5
89.2,56.3
89.0,56.2
88.8,56.2
88.7,56.2
88.7,56.0
88.5,56.0
88.3,56.0
88.2,55.8
88.0,55.8
87.8,55.8
87.7,55.8
87.5,55.8
87.3,55.8
87.2,55.8
87.0,55.8
86.8,55.8
86.7,55.8
86.7,55.7
86.5,55.7
86.3,55.7
86.2,55.7
86.0,55.7
85.8,55.7
85.7,55.7
85.5,55.7
85.3,55.7
85.2,55.7
85.0,55.5
84.8,55.5
84.7,55.5
84.5,55.5
84.3,55.5
84.2,55.5
84.0,55.5
83.8,55.5
83.7,55.5
83.5,55.5
83.3,55.5
83.2,55.5
83.0,55.5
82.8,55.5
82.7,55.5
82.5,55.5
82.3,55.5
82.2,55.5
82.0,55.5
81.8,55.5
81.7,55.5
81.5,55.5
81.3,55.5
81.2,55.5
81.0,55.5
80.8,55.5
80.7,55.5
80.5,55.5
80.5,55.7
80.3,55.7
80.2,55.7
80.0,55.7
79.8,55.7
79.8,55.8
79.7,55.8
79.7,55.7
79.7,55.5
79.5,55.5
79.5,55.2
79.5,55.0
79.5,54.8
79.3,54.8
79.3,54.5
79.2,54.3
79.2,54.2
79.2,54.0
79.2,53.8
79.0,53.7
79.0,53.5
79.0,53.3
79.0,53.2
78.8,53.2
78.8,53.0
78.8,52.8
78.8,52.7
78.8,52.5
78.7,52.3
78.7,52.2
78.7,52.0
78.7,51.8
78.5,51.8
78.5,51.7
78.5,51.5
78.5,51.3
78.3,51.3
78.3,51.2
78.3,51.0
78.3,50.8
78.3,50.7
78.2,50.7
78.2,50.5
78.2,50.3
78.2,50.2
78.0,50.2
78.0,50.0
78.0,49.8
78.0,49.7
77.8,49.7
77.8,49.5
77.8,49.3
77.8,49.2
77.7,49.0
77.7,48.8
77.7,48.7
77.7,48.5
77.7,48.3
77.5,48.2
77.5,48.0
77.5,47.8
77.5,47.7
77.5,47.5
77.3,47.3
77.3,47.2
77.3,47.0
77.3,46.8
77.2,46.7
77.2,46.5
77.2,46.3
77.2,46.2
77.2,46.0
77.2,45.8
77.2,45.7
77.0,45.7
77.0,45.5
77.0,45.3
77.0,45.2
77.0,45.0
77.0,44.8
76.8,44.8
76.8,44.7
76.8,44.5
76.8,44.3
76.8,44.2
76.7,44.2
76.7,44.0
76.7,43.8
76.7,43.7
76.7,43.5
76.7,43.3
76.5,43.3
76.5,43.2
76.5,43.0
76.3,43.0
76.2,43.0
76.0,43.0
75.8,43.0
75.7,43.0
75.5,43.0
75.3,43.0
75.2,43.0
75.0,43.0
74.8,43.0
74.7,43.0
74.7,42.8
74.5,42.8
74.3,42.8
74.2,42.8
74.0,42.8
73.8,42.8
73.7,42.8
73.5,42.8
73.3,42.8
73.2,42.8
73.0,42.8
72.8,42.8
72.7,42.8
72.5,42.8
72.3,42.8
72.2,42.8
72.0,42.8
71.8,42.8
71.7,42.8
71.5,42.8
71.3,42.8
71.2,42.8
71.0,42.8
70.8,42.8
70.7,42.8
70.5,42.8
70.3,42.8
70.3,43.0
70.2,43.0
70.0,43.0
69.8,43.0
69.7,43.2
69.5,43.2
69.3,43.2
69.2,43.2
69.2,43.3
69.0,43.3
68.8,43.3
68.7,43.3
68.5,43.3
68.5,43.5
68.3,43.5
68.2,43.5
68.0,43.5
68.0,43.7
67.8,43.7
67.7,43.7
67.5,43.7
67.3,43.7
67.3,43.8
67.2,43.8
67.0,43.8
66.8,43.8
66.8,44.0
66.7,44.0
66.5,44.0
66.3,44.2
66.2,44.2
66.0,44.2
66.0,44.3
65.8,44.3
65.7,44.3
65.5,44.3
65.5,44.5
65.3,44.5
65.2,44.5
65.0,44.7
64.8,44.7
64.7,44.7
64.5,44.7
64.5,44.8
64.3,44.8
64.2,44.8
64.2,45.0
64.0,45.0
63.8,45.0
63.7,45.2
63.5,45.2
63.3,45.3
63.2,45.3
63.0,45.3
62.8,45.3
62.8,45.5
62.7,45.5
62.5,45.5
62.5,45.7
62.3,45.7
62.2,45.7
62.2,45.8
62.0,45.8
61.8,45.8
61.7,45.8
61.7,46.0
61.5,46.0
61.3,46.0
61.3,46.2
61.2,46.2
61.0,46.2
60.8,46.2
60.8,46.3
60.7,46.3
60.5,46.3
60.3,46.3
60.3,46.5
60.2,46.5
60.0,46.5
59.8,46.5
59.7,46.5
59.5,46.5
59.3,46.5
59.2,46.5
59.0,46.5
58.8,46.5
58.7,46.5
58.5,46.5
58.3,46.5
58.2,46.5
58.2,46.3
58.2,46.2
58.2,46.0
58.2,45.8
58.0,45.8
58.0,45.7
57.8,45.7
57.8,45.5
57.7,45.5
57.5,45.5
57.5,45.3
57.3,45.3
57.2,45.3
57.0,45.3
56.8,45.3
56.8,45.2
56.7,45.2
56.5,45.2
56.3,45.2
56.2,45.2
56.0,45.2
55.8,45.2
55.7,45.2
55.5,45.2
55.3,45.2
55.3,45.3
55.2,45.3
55.2,45.5
55.0,45.5
54.8,45.5
54.8,45.7
54.7,45.7
54.7,45.8
54.5,45.8
54.5,46.0
54.3,46.0
54.3,46.2
54.2,46.2
54.2,46.3
54.0,46.3
54.0,46.5
53.8,46.5
53.8,46.7
53.7,46.7
53.7,46.8
53.7,47.0
53.5,47.0
53.5,47.2
53.5,47.3
53.3,47.3
53.3,47.5
53.3,47.7
53.2,47.7
53.2,47.8
53.2,48.0
53.0,48.0
53.0,48.2
52.8,48.3
52.8,48.5
52.7,48.5
52.7,48.7
52.7,48.8
52.5,48.8
52.5,49.0
52.3,49.0
52.3,49.2
52.2,49.3
52.2,49.5
52.0,49.7
52.0,49.8
51.8,49.8
51.8,50.0
51.7,50.2
51.7,50.3
51.5,50.3
51.5,50.5
51.3,50.5
51.3,50.7
51.2,50.8
51.2,51.0
51.0,51.0
51.0,51.2
51.0,51.3
50.8,51.3
50.8,51.5
50.8,51.7
50.7,51.7
50.7,51.8
50.5,51.8
50.5,52.0
50.3,52.2
50.3,52.3
50.2,52.5
50.2,52.7
50.0,52.7
50.0,52.8
50.0,53.0
50.0,53.2
49.8,53.2
49.8,53.3
49.8,53.5
49.7,53.5
49.7,53.7
49.5,53.7
49.5,53.8
49.5,54.0
49.5,54.2
49.3,54.2
49.3,54.3
49.2,54.3
49.2,54.2
49.2,54.0
49.2,53.8
49.2,53.7
49.0,53.7
49.0,53.5
49.0,53.3
48.8,53.2
48.8,53.0
48.7,52.8
48.7,52.7
48.7,52.5
48.7,52.3
48.5,52.3
48.5,52.2
48.5,52.0
48.5,51.8
48.3,51.8
48.3,51.7
48.3,51.5
48.3,51.3
48.3,51.2
48.2,51.2
48.2,51.0
48.2,50.8
48.2,50.7
48.2,50.5
48.2,50.3
48.2,50.2
48.2,50.0
48.0,49.8
48.0,49.7
48.0,49.5
48.0,49.3
48.0,49.2
48.0,49.0
48.0,48.8
48.0,48.7
48.0,48.5
48.0,48.3
47.8,48.2
47.8,48.0
47.8,47.8
47.8,47.7
47.8,47.5
47.8,47.3
47.8,47.2
47.8,47.0
47.8,46.8
47.8,46.7
47.7,46.5
47.7,46.3
47.7,46.2
47.7,46.0
47.7,45.8
47.7,45.7
47.7,45.5
47.7,45.3
47.7,45.2
47.7,45.0
47.7,44.8
47.7,44.7
47.7,44.5
47.7,44.3
47.7,44.2
47.7,44.0
47.7,43.8
47.7,43.7
47.7,43.5
47.7,43.3
47.7,43.2
47.7,43.0
47.7,42.8
47.7,42.7
47.7,42.5
47.7,42.3
47.7,42.2
47.7,42.0
47.7,41.8
47.7,41.7
47.7,41.5
47.7,41.3
47.7,41.2
47.7,41.0
47.7,40.8
47.7,40.7
47.7,40.5
47.7,40.3
47.7,40.2
47.8,40.0
47.8,39.8
47.8,39.7
47.8,39.5
47.8,39.3
47.8,39.2
47.8,39.0
48.0,38.8
48.0,38.7
48.0,38.5
48.0,38.3
48.0,38.2
48.0,38.0
48.0,37.8
48.0,37.7
48.0,37.5
48.2,37.3
48.2,37.2
48.2,37.0
48.2,36.8
48.2,36.7
48.2,36.5
48.2,36.3
48.3,36.2
48.3,36.0
48.3,35.8
48.3,35.7
48.3,35.5
48.3,35.3
48.3,35.2
48.5,35.0
48.5,34.8
48.5,34.7
48.5,34.5
48.5,34.3
48.5,34.2
48.5,34.0
48.5,33.8
48.7,33.7
48.7,33.5
48.7,33.3
48.7,33.2
48.7,33.0
48.8,32.8
48.8,32.7
48.8,32.5
48.8,32.3
49.0,32.2
49.0,32.0
49.0,31.8
49.0,31.7
49.0,31.5
49.2,31.5
49.2,31.3
49.2,31.2
49.2,31.0
49.2,30.8
49.3,30.8
49.3,30.7
49.3,30.5
49.3,30.3
49.5,30.3
49.5,30.2
49.5,30.0
49.5,29.8
49.7,29.8
49.7,29.7
49.7,29.5
49.7,29.3
49.8,29.2
49.8,29.0
49.8,28.8
50.0,28.8
50.0,28.7
50.0,28.5
50.0,28.3
50.2,28.2
50.2,28.0
50.2,27.8
50.3,27.7
50.3,27.5
50.3,27.3
50.5,27.3
50.5,27.2
50.5,27.0
50.5,26.8
50.7,26.8
50.7,26.7
50.7,26.5
50.7,26.3
50.8,26.3
50.8,26.2
50.8,26.0
50.8,25.8
50.8,25.7
51.0,25.5
51.0,25.3
51.0,25.2
51.0,25.0
51.2,24.8
51.2,24.7
51.2,24.5
51.3,24.5
51.3,24.3
51.3,24.2
51.3,24.0
51.5,23.8
51.5,23.7
51.5,23.5
51.7,23.3
51.7,23.2
51.8,23.2
51.8,23.0
51.8,22.8
51.8,22.8
51.8,22.7
52.0,22.7
52.0,22.5
52.0,22.3
52.2,22.2
52.2,22.0
52.2,21.8
52.3,21.8
52.3,21.7
52.3,21.5
52.5,21.3
52.5,21.2
52.7,21.0
52.7,20.8
52.7,20.7
52.8,20.5
52.8,20.3
52.8,20.2
53.0,20.0
53.0,19.8
53.0,19.7
53.2,19.7
53.2,19.5
53.2,19.3
53.2,19.2
53.2,19.0
53.2,18.8
53.2,18.7
53.2,18.5
53.2,18.3
53.2,18.2
53.2,18.0
53.2,17.8
53.2,17.7
53.2,17.5
53.2,17.3
53.2,17.2
53.2,17.0
53.2,16.8
53.2,16.7
53.2,16.5
53.2,16.3
53.2,16.2
53.2,16.0
53.2,15.8
53.2,15.7
53.2,15.5
53.0,15.3
53.0,15.2
53.0,15.0
53.0,14.8
52.8,14.8
52.8,14.7
52.8,14.5
52.7,14.5
52.5,14.5
52.3,14.5
52.2,14.5
52.0,14.5
51.8,14.5
51.7,14.5
51.5,14.5
51.3,14.5
51.2,14.5
51.0,14.5
51.0,14.7
50.8,14.7
50.7,14.7
50.7,14.8
50.5,14.8
50.3,14.8
50.3,15.0
50.2,15.0
50.0,15.0
50.0,15.2
49.8,15.2
49.8,15.3
49.7,15.3
49.5,15.5
49.5,15.7
49.3,15.7
49.3,15.8
49.2,15.8
49.2,16.0
49.0,16.0
49.0,16.2
48.8,16.2
48.8,16.3
48.8,16.5
48.7,16.5
48.7,16.7
48.5,16.7
48.5,16.8
48.3,16.8
48.3,17.0
48.2,17.2
48.2,17.3
48.0,17.3
48.0,17.5
47.8,17.7
47.7,17.8
47.7,18.0
47.5,18.2
47.5,18.3
47.3,18.3
47.3,18.5
47.3,18.7
47.2,18.8
47.2,19.0
47.0,19.2
47.0,19.3
46.8,19.3
46.8,19.5
46.7,19.7
46.7,19.8
46.5,19.8
46.5,20.0
46.5,20.2
46.3,20.2
46.3,20.3
46.2,20.5
46.2,20.7
46.0,20.7
46.0,20.8
46.0,21.0
45.8,21.0
45.8,21.2
45.8,21.3
45.7,21.3
45.7,21.5
45.7,21.7
45.5,21.8
45.5,22.0
45.3,22.2
45.3,22.3
45.2,22.5
45.2,22.7
45.0,22.8
45.0,23.0
44.8,23.2
44.8,23.3
44.8,23.5
44.7,23.5
44.7,23.7
44.7,23.8
44.7,24.0
44.7,24.2
44.5,24.2
44.5,24.3
44.5,24.5
44.5,24.7
44.3,24.8
44.3,25.0
44.3,25.2
44.3,25.3
44.3,25.5
44.2,25.5
44.2,25.7
44.2,25.8
44.2,26.0
44.2,26.2
44.2,26.3
44.0,26.5
44.0,26.7
44.0,26.8
43.8,27.2
43.8,27.3
43.8,27.5
43.7,27.7
43.7,27.8
43.5,28.0
43.5,28.3
43.5,28.5
43.5,28.7
43.3,28.8
43.3,29.2
43.2,29.3
43.2,29.5
43.2,29.7
43.2,29.8
43.2,30.0
43.0,30.0
43.0,30.2
43.0,30.3
43.0,30.5
43.0,30.7
42.8,30.7
42.8,30.8
42.8,31.0
42.8,31.2
42.8,31.3
42.7,31.3
42.7,31.5
42.7,31.7
42.7,31.8
42.7,32.0
42.5,32.0
42.5,32.2
42.5,32.3
42.5,32.5
42.3,32.5
42.3,32.7
42.3,32.8
42.3,33.0
42.3,33.2
42.2,33.3
42.2,33.5
42.0,33.5
42.0,33.7
42.0,33.8
42.0,34.0
42.0,34.2
41.8,34.2
41.8,34.3
41.8,34.5
41.8,34.7
41.8,34.8
41.7,35.0
41.7,35.2
41.7,35.3
41.7,35.5
41.5,35.5
41.5,35.7
41.5,35.8
41.5,36.0
41.5,36.2
41.5,36.3
41.3,36.3
41.3,36.5
41.3,36.7
41.3,36.8
41.3,37.0
41.3,37.2
41.2,37.3
41.2,37.5
41.2,37.7
41.2,37.8
41.2,38.0
41.2,38.2
41.2,38.3
41.0,38.5
41.0,38.7
41.0,38.8
41.0,39.0
41.0,39.2
41.0,39.3
41.0,39.5
41.0,39.7
41.0,39.8
41.0,40.0
40.8,40.2
40.8,40.3
40.8,40.7
40.8,40.8
40.8,41.0
40.8,41.2
40.8,41.5
40.8,41.7
40.8,41.8
40.8,42.2
40.8,42.3
40.8,42.5
40.8,42.7
40.8,42.8
40.8,43.0
40.7,43.2
40.7,43.3
40.7,43.5
40.7,43.7
40.7,43.8
40.7,44.0
40.7,44.2
40.7,44.3
40.7,44.5
40.7,44.7
40.7,44.8
40.7,45.0
40.5,45.0
40.5,45.2
40.5,45.3
40.5,45.5
40.5,45.7
40.5,45.8
40.3,46.0
40.3,46.2
40.3,46.3
40.3,46.5
40.3,46.7
40.3,46.8
40.3,47.0
40.3,47.2
40.3,47.3
40.3,47.5
40.3,47.3
40.3,47.2
40.3,47.0
40.3,46.8
40.3,46.7
40.3,46.5
40.3,46.3
40.3,46.2
40.3,46.0
40.3,45.8
40.3,45.7
40.3,45.5
40.3,45.3
40.2,45.3
40.2,45.2
40.2,45.0
40.2,44.8
40.0,44.8
40.0,44.7
40.0,44.5
39.8,44.3
39.8,44.2
39.8,44.0
39.7,44.0
39.7,43.8
39.7,43.7
39.5,43.7
39.5,43.5
39.5,43.3
39.3,43.3
39.3,43.2
39.3,43.0
39.2,43.0
39.2,42.8
39.2,42.7
39.2,42.5
39.2,42.3
39.0,42.3
39.0,42.2
38.8,42.0
38.8,41.8
38.8,41.7
38.7,41.5
38.7,41.3
38.7,41.2
38.5,41.2
38.5,41.0
38.5,40.8
38.3,40.8
38.3,40.7
38.3,40.5
38.2,40.5
38.2,40.3
38.2,40.2
38.0,40.2
38.0,40.0
38.0,39.8
37.8,39.8
37.8,39.7
37.8,39.5
37.8,39.3
37.7,39.2
37.7,39.0
37.7,38.8
37.7,38.7
37.5,38.5
37.5,38.3
37.5,38.2
37.3,38.0
37.3,37.8
37.3,37.7
37.2,37.5
37.2,37.3
37.0,37.2
37.0,37.0
36.8,36.8
36.8,36.7
36.8,36.5
36.8,36.3
36.7,36.2
36.5,36.0
36.5,35.8
36.5,35.7
36.3,35.5
36.3,35.3
36.2,35.2
36.2,35.0
36.0,34.8
36.0,34.7
36.0,34.5
35.8,34.5
35.8,34.3
35.8,34.2
35.7,34.2
35.7,34.0
35.5,33.8
35.5,33.7
35.3,33.5
35.2,33.3
35.0,33.2
34.8,33.2
34.8,33.0
34.7,33.0
34.5,33.0
34.5,32.8
34.3,32.8
34.2,32.7
34.0,32.7
34.0,32.5
33.8,32.5
33.7,32.5
33.7,32.3
33.5,32.3
33.3,32.3
33.2,32.2
33.0,32.2
32.8,32.2
32.7,32.2
32.5,32.2
32.3,32.2
32.3,32.0
32.2,32.0
32.0,32.0
31.8,32.0
31.7,32.0
31.7,31.8
31.5,31.8
31.3,31.8
31.2,31.8
31.0,31.8
31.0,31.7
30.8,31.7
30.7,31.7
30.5,31.7
30.5,31.5
30.3,31.5
30.2,31.5
30.0,31.5
29.8,31.5
29.7,31.5
29.5,31.5
29.3,31.5
29.2,31.5
29.2,31.3
29.0,31.3
28.8,31.3
28.7,31.3
28.5,31.3
28.3,31.2
28.2,31.2
28.0,31.2